version: 1
creator: callgrind-3.10.1
pid: 17774
cmd:  ./um ../Downloads/sandmark.umz
part: 1


desc: I1 cache: 
desc: D1 cache: 
desc: LL cache: 

desc: Timerange: Basic block 0 - 8725475943
desc: Trigger: Program termination

positions: line
events: Ir
summary: 61005912941


ob=(5) /lib64/libm-2.12.so
fl=(52) ???
fn=(608) 0x0000003aa9603e90
0 10
cob=(3) /lib64/libc-2.12.so
cfi=(94) /usr/src/debug/glibc-2.12-2-gc4ccff1/stdlib/cxa_finalize.c
cfn=(570) __cxa_finalize
calls=1 31 
0 62
cob=(1) /lib64/ld-2.12.so
cfi=(55) /usr/src/debug////////glibc-2.12-2-gc4ccff1/elf/../sysdeps/x86_64/dl-trampoline.S
cfn=(282) _dl_runtime_resolve
calls=1 30 
0 1602
0 5
0 13

fn=(240) 0x0000003aa9603f10
0 6

fn=(234) 0x0000003aa9603e70
0 6

fn=(246) 0x0000003aa9643f80
0 11

ob=(1)
fl=(4) /usr/src/debug/glibc-2.12-2-gc4ccff1/elf/dl-lookup.c
fn=(6) _dl_setup_hash
873 18
+5 4
+3 8
+2 4
-1 4
+4 4
+4 8
-4 4
+1 8
+2 4
+1 4
+2 4
+2 12
-7 4
+7 8
+1 4
+3 6
+2 2
+2 2
+1 2
+1 2
+2 2
-4 2
+4 4

fn=(158) do_lookup_x
83 1998
+1 222
-6 222
+5 666
-5 1998
+12 222
231 222
+3 222
+39 222
-42 222
+3 222
99 222
-3 222
+1 222
+2 222
+3 222
-3 222
+3 222
-3 681
-3 681
+1 681
+2 681
+3 681
-3 681
+3 681
+4 1826
+4 1802
+4 1802
+7 2703
+4 901
+1 901
227 901
125 1802
+1 1802
227 901
+1 1802
+4 465
+3 465
-3 930
+3 1395
+1 465
+3 930
-1 930
+1 465
-1 930
+21 259
+24 1378
470 2067
+1 423
-1 1170
+4 2083
+4 1776
288 1644
+4 463
+13 212
+1 212
-1 212
+1 636
+1 212
471 495
cfi=(24) /usr/src/debug/glibc-2.12-2-gc4ccff1/elf/dl-misc.c
cfn=(84) _dl_name_match_p
calls=99 301 
* 4764
-1 495
263 1744
+6 4360
+4 10512
cfn=(162) check_match.12445
calls=1314 133 
* 44841
+1 6570
-3 6540
-2 5208
-27 1326
+1 442
+2 1526
+10 582
-7 2020
+2 412
+1 206
-1 206
+1 824
-1 618
+1 824
cfn=(162)
calls=206 133 
* 21870
+1 2132
fi=(39) /usr/src/debug/glibc-2.12-2-gc4ccff1/elf/../sysdeps/generic/dl-hash.h
30 222
+2 888
+3 222
-1 222
+1 666
+2 666
+1 888
+2 666
+1 888
+2 666
+1 888
+2 852
+1 12063
+3 15232
+1 7616
+13 3808
+1 11424
-18 213
fe=(4)
264 444

fn=(156) _dl_lookup_symbol_x
724 666
485 222
724 1332
485 222
724 1110
485 1110
+1 444
-1 222
+1 666
-1 666
+1 9374
-1 4687
+1 14061
-1 14505
730 222
+9 222
-13 444
+1 444
+12 888
+6 1998
+8 20
-8 50
+2 3330
cfn=(158)
calls=222 83 
* 226675
+3 444
-5 222
+33 444
+23 636
+1 424
-1 848
+39 424
-3 424
+14 636
+3 636
1023 212
859 212
+1 212
+1 1776
-81 70
+17 20
+1 10
+54 2

fn=(162)
133 9120
+1 3040
+2 3040
+2 2448
-2 1632
+12 2448
+3 1632
+5 212
-1 212
+1 212
-1 212
+1 212
+2 218
+19 218
+1 545
+1 109
-1 218
+1 327
cfi=(15) /usr/src/debug////////glibc-2.12-2-gc4ccff1/string/../sysdeps/x86_64/strcmp.S
cfn=(46) strcmp
calls=109 -44 
* 9402
-1 218
+46 10640
-73 3200
cfi=(15)
cfn=(46)
calls=640 -16 
* 8178
* 1920
+64 1208
-9 206
+2 206
+1 206
-1 824
-72 3040
+79 1408

fl=(14) /usr/src/debug////////glibc-2.12-2-gc4ccff1/string/../sysdeps/x86_64/memcpy.S
fn=(58) mempcpy
56 39
+4 39
+3 39
+1 39
+2 16
+1 16
+2 16
+1 16
+5 16
+1 16
-1 23
+1 23
+2 15
+1 15
+2 15
+1 15
+5 15
+1 15
-1 24
+1 24
+2 14
+1 14
+2 14
+1 14
+5 14
+1 14
-1 25
+1 25
+2 15
+1 15
+2 15
+1 30
+5 15
+1 15
-1 24
+1 36
+5 12
+1 12
+1 12
+1 12
+2 12
+2 12
+1 12
+2 12
+6 39
+4 39
+12 1
+2 1
+1 1
+26 1
+1 1
+3 1
+1 1
+1 1
+5 1
+2 1
+1 1
+1 1
+1 1
+2 1
+1 1
+1 1
+1 1
+2 1
+1 1
+2 1
+2 1
+2 1
+1 1
+1 1
+1 1
+2 1
+1 1
+1 1
+1 1
+2 1
+1 1
+2 2
+5 1
+2 1

fn=(38) memcpy
56 22
+2 22
+2 22
+3 22
+1 22
+2 5
+1 5
+2 5
+1 5
+5 5
+1 5
-1 17
+1 17
+2 4
+1 4
+2 4
+1 8
+5 4
+1 4
-1 18
+1 18
+2 3
+1 3
+2 3
+1 3
+5 3
+1 3
-1 19
+1 19
+2 10
+1 10
+2 10
+1 10
+5 10
+1 10
-1 12
+1 24
+5 12
+1 12
+1 12
+1 12
+2 12
+2 12
+1 12
+2 12
+8 22
+8 4
+6 4
+2 4
+1 4
+3 1
+1 2
+5 1
+1 1
+2 1
+2 1
+1 1
+2 2
+9 1
+1 1
-1 3
+1 3
+3 4
+1 4
+1 4
+5 4
+2 4
+1 4
+1 4
+1 4
+2 4
+1 4
+1 4
+1 4
+2 4
+1 4
+2 4
+2 3
+2 3
+1 3
+1 3
+1 3
+2 3
+1 3
+1 3
+1 3
+2 3
+1 3
+2 6
+5 3
+6 3
+1 3
-7 1
+6 1
+1 1

fl=(10) /usr/src/debug/glibc-2.12-2-gc4ccff1/elf/dl-environ.c
fn=(22) _dl_next_ld_env_entry
31 3
+3 11
+2 116
+11 56
-13 169
+17 1
-15 20
+6 2
-3 2
+3 2
+2 2

fl=(35) /usr/src/debug/glibc-2.12-2-gc4ccff1/elf/dl-version.c
fn=(138) _dl_check_map_versions
180 54
+15 6
-15 12
+15 12
+2 6
+3 6
-3 6
+2 6
+1 6
+2 6
-3 6
+3 6
+3 12
+4 4
-4 4
+4 8
+10 16
+7 4
62 4
226 8
62 24
226 1
62 1
226 2
62 16
+1 20
-1 40
+2 75
cfi=(24)
cfn=(84)
calls=25 301 
* 1545
* 50
234 15
+5 20
+20 16
-16 112
cfn=(140) match_symbol
calls=1 82 
* 138
* 72
cfn=(140)
calls=12 82 
* 2183
* 65
+11 39
+9 20
+5 3
+1 1
69 4
277 12
+3 12
+10 44
-10 88
+6 66
-6 12
+6 9
+8 12
+87 54
-81 5
-1 15
cfi=(13) /usr/src/debug/glibc-2.12-2-gc4ccff1/elf/dl-minimal.c
cfn=(28) calloc
calls=5 111 
* 195
* 5
+2 5
-2 5
+2 5
+11 5
+2 5
-5 5
+3 10
+2 5
+3 20
+4 15
+18 24
-15 16
+2 24
-2 10
+2 15
+2 78
+1 39
+1 39
+1 39
+3 39
+8 15
+5 3
+1 1
+4 10
+3 15
+20 44
-14 22
-2 22
+2 25
-2 3
+2 3
+5 44
+1 22
-1 110
+1 22
+1 22
-1 44
+4 78
269 6

fn=(136) _dl_check_all_versions
387 5
+4 1
-4 1
+4 1
-4 1
+4 3
+1 18
-1 6
+1 6
-1 12
+5 7
-3 24
cfn=(138)
calls=6 180 
* 6097
-1 24

fn=(140)
82 130
+9 13
-8 13
-1 39
+1 13
+8 13
+6 39
+18 26
+5 26
+14 180
+12 231
+4 154
-30 154
+19 78
cfi=(15)
cfn=(46)
calls=13 -4 
* 1069
* 39
+34 13
+1 91

fl=(37) /usr/src/debug/glibc-2.12-2-gc4ccff1/elf/dl-reloc.c
fn=(150) _dl_relocate_object
158 36
+10 12
-10 18
+14 6
-14 12
+14 6
+1 30
+6 12
+6 18
+4 12
+8 18
+45 6
fi=(7) /usr/src/debug/glibc-2.12-2-gc4ccff1/elf/../sysdeps/x86_64/dl-machine.h
96 12
fe=(37)
242 12
fi=(7)
96 6
+39 6
fe=(37)
268 156
fi=(38) /usr/src/debug/glibc-2.12-2-gc4ccff1/elf/do-rel.h
57 4
+1 4
+1 4
fe=(37)
268 4
156 4
fi=(38)
-91 4
fe=(37)
+91 4
fi=(7)
295 4
fe=(37)
-27 4
fi=(7)
+27 4
fi=(38)
65 4
fe=(37)
268 2
fi=(38)
57 2
+1 2
+1 2
fe=(37)
268 2
156 2
fi=(38)
-91 2
fe=(37)
+91 2
fi=(7)
295 2
fe=(37)
-27 2
fi=(7)
+27 2
fi=(38)
65 2
+3 16
fi=(7)
476 4
-1 8
+4 8
-3 242
-1 484
+4 484
+2 738
+1 18
fi=(38)
68 738
fe=(37)
268 42
fi=(38)
59 6
fe=(37)
268 36
fi=(38)
65 6
fe=(37)
268 6
fi=(38)
57 6
+1 6
+7 6
+10 6
+2 6
-2 12
+1 6
+1 52
+14 5
-12 5
+12 11
-12 1
+12 2
+10 18
+10 15
+4 5
+2 5
-2 5
+2 5
fi=(7)
296 15
fi=(38)
119 10
+1 5
+2 10
-2 5
-1 5
fi=(7)
267 5
fi=(38)
119 5
fi=(7)
270 5
fi=(38)
119 5
+1 15
fi=(7)
270 5
fi=(38)
119 430
+1 215
+2 430
-2 215
-1 215
fi=(7)
267 215
fi=(38)
119 215
fi=(7)
270 215
fi=(38)
119 215
+1 645
fi=(7)
270 215
+18 440
+7 5072
fi=(38)
120 382
fi=(7)
295 573
fi=(38)
120 191
fi=(7)
295 803
fi=(38)
120 26
fi=(7)
295 39
fi=(38)
120 13
fi=(7)
295 2500
cfi=(4)
cfn=(156)
calls=204 724 
* 266950
* 816
+1 660
+4 214
-4 428
+4 214
-1 428
+10 440
fe=(37)
-38 18
+32 6
+3 12
+13 12
+1 6
cfn=(170) _dl_protect_relro
calls=3 +8 
* 72
* 3
+1 48
fi=(7)
135 8
-39 8
+6 8
+4 12
+13 4
-8 4
+8 8
+13 4
+3 4
-3 4
+3 12
fe=(37)
+50 18
+83 18
fi=(38)
117 7
fi=(7)
309 880
+85 205
fi=(38)
117 410
fi=(7)
394 205
fi=(38)
117 209
fi=(7)
377 30
+4 30
+5 20
fi=(38)
117 10
fi=(7)
386 20
fi=(38)
117 20
fi=(7)
327 2
+1 1
fi=(38)
117 1
fi=(7)
328 1
fi=(38)
117 2
fi=(7)
448 4
fi=(38)
117 2
fi=(7)
448 2
cob=(3)
cfi=(40) /usr/src/debug////////glibc-2.12-2-gc4ccff1/string/../sysdeps/x86_64/multiarch/strcmp.S
cfn=(168) strncasecmp
calls=1 124 
* 6
cob=(3)
cfi=(40)
cfn=(164) strcasecmp
calls=1 106 
* 64
+1 2
fi=(38)
117 4
fi=(7)
430 6
+4 10
cfi=(14)
cfn=(38)
calls=2 56 
* 36
+2 10
295 26
fi=(38)
104 5
fi=(7)
467 3
fi=(38)
104 2
fi=(7)
467 1
fi=(38)
104 1
+7 3
+16 5
+1 2
+1 2
-1 1
fi=(7)
267 1
fi=(38)
128 1
fi=(7)
270 1
fi=(38)
128 3
fi=(7)
270 1
fi=(38)
128 8
+1 8
-1 4
fi=(7)
267 4
fi=(38)
128 4
fi=(7)
270 4
fi=(38)
128 12
fi=(7)
270 4
+18 10
+7 195
cfi=(4)
cfn=(156)
calls=5 724 
* 6218
* 20
+1 15
+4 1
-4 2
+4 1
-1 2
+10 30
108 4
+1 6
394 15
fi=(38)
127 16
fi=(7)
484 1140
295 75
fe=(37)

fn=(170)
328 3
-2 6
+1 6
+1 9
+2 6
+2 6
+1 9
cfi=(27) /usr/src/debug////////glibc-2.12-2-gc4ccff1/misc/../sysdeps/unix/syscall-template.S
cfn=(100) mprotect
calls=3 82 
* 15
-1 6
+7 6

fl=(93) /usr/src/debug/glibc-2.12-2-gc4ccff1/elf/dl-fini.c
fn=(538) _dl_sort_fini
34 9
+2 1
-2 3
+2 1
+5 1
+1 1
-1 2
+1 1
+1 1
-1 5
+1 3
cfi=(28) /usr/src/debug////////glibc-2.12-2-gc4ccff1/string/../sysdeps/x86_64/memset.S
cfn=(102) memset
calls=1 +1 
* 19
+15 4
+24 4
+38 4
+3 32
cfi=(28)
cfn=(102)
calls=4 -79 
* 70
* 8
-80 4
+4 4
+1 4
-1 4
+1 4
+4 12
-5 1
+1 1
-1 1
+1 1
+4 13
+6 5
+1 14
+2 16
+1 8
-1 24
+1 16
+3 39
-1 57
+31 30
+21 10
-57 20
+61 16
+3 1
+4 8

fn=(536) _dl_fini
133 11
+22 9
+3 2
cfi=(2) /usr/src/debug/glibc-2.12-2-gc4ccff1/elf/rtld.c
cfn=(42) rtld_lock_default_lock_recursive
calls=1 836 
* 2
+3 1
+3 2
+2 5
-2 2
+13 5
+16 4
+2 12
+4 12
+1 6
+5 6
-4 6
-2 6
-6 19
+19 4
cfn=(538)
calls=1 34 
* 482
+9 2
cfi=(2)
cfn=(44) rtld_lock_default_unlock_recursive
calls=1 842 
* 2
+4 6
+2 2
+2 3
-2 10
+2 15
+3 12
+3 18
+4 2
+7 10
+4 4
+2 3
+1 4
+1 4
cob=(3)
cfi=(49) /usr/src/debug/glibc-2.12-2-gc4ccff1/elf/soinit.c
cfn=(626) __libc_fini
calls=1 19 
* 6
-1 4
+5 15
+1 12
cob=(2) ???
cfi=(12) ???
cfn=(606) 0x0000003aa9643fb8
calls=1 0 
* 1696
cob=(2)
cfi=(12)
cfn=(586) 0x0000003aaae21c28
calls=1 0 
* 1696
cob=(2)
cfi=(12)
cfn=(556) 0x0000000004801798
calls=1 0 
* 1360
cob=(2)
cfi=(12)
cfn=(540) 0x0000000000401468
calls=1 0 
* 31
+5 30
-39 6
+55 6
-55 18
-70 2
+70 1
-70 1
285 6
+6 2
+7 8
-63 10
+4 8
-60 2
+3 8

fl=(18) /usr/src/debug/glibc-2.12-2-gc4ccff1/elf/dl-load.c
fn=(88) open_verify
1581 192
+36 16
-36 32
+36 62
+21 80
cfi=(25) /usr/src/debug////////glibc-2.12-2-gc4ccff1/io/../sysdeps/unix/syscall-template.S
cfn=(90) open
calls=16 82 
* 152
+1 16
-1 16
+1 16
+11 12
-1 4
+1 16
cfi=(25)
cfn=(92) read
calls=4 82 
* 20
* 8
+7 12
-7 4
+7 4
+16 50
+2 4
-2 56
+60 8
+5 8
+2 12
+6 8
+7 4
+1 4
+1 4
-2 16
+1 12
+16 16
+15 8
-15 168
+1 61
+4 15
+1 9
+14 21
+2 9
+5 2
+1 2
-13 69
+16 4
+6 2
-3 2
+1 2
+1 2
+1 4
+1 2
-1 4
-3 2
+1 2
+1 8
-2 2
+3 4
+14 144
-56 2
-92 12
cfi=(34) /usr/src/debug/glibc-2.12-2-gc4ccff1/string/../string/memcmp.c
cfn=(128) bcmp
calls=2 322 
* 178
* 8

fn=(114) open_path
1835 24
+1 3
-1 15
+7 3
-7 3
+1 3
+6 6
+5 12
+52 6
-52 3
+52 3
-52 21
+75 9
-63 18
+7 24
cfi=(14)
cfn=(58)
calls=6 56 
* 174
+1 6
-1 6
+1 42
+20 16
-20 118
+3 48
+4 72
cfi=(14)
cfn=(58)
calls=12 56 
* 226
* 48
cfi=(14)
cfn=(58)
calls=12 56 
* 276
* 12
-1 12
+7 24
+3 84
cfn=(88)
calls=12 1581 
* 564
* 12
+2 36
+26 16
+2 12
+39 6
-41 6
+41 30
+7 6
-2 6
+2 30
-67 16
+1 48
+79 8
-80 16
+7 16
+3 8
-3 8
+3 24
cfi=(30) /usr/src/debug/glibc-2.12-2-gc4ccff1/io/../sysdeps/unix/sysv/linux/wordsize-64/xstat.c
cfn=(116) _xstat
calls=8 37 
* 98
-1 16
+1 4
-1 4
+3 12
+7 24
+65 27
-14 9
+10 6
-66 6

fn=(94) _dl_map_object_from_fd
836 48
+11 4
-11 4
+11 4
-11 4
+11 4
cfi=(20) /usr/src/debug/glibc-2.12-2-gc4ccff1/elf/dl-debug.c
cfn=(66) _dl_debug_initialize
calls=4 52 
* 36
+4 12
-4 4
+4 4
cfi=(26) /usr/src/debug/glibc-2.12-2-gc4ccff1/io/../sysdeps/unix/sysv/linux/wordsize-64/fxstat.c
cfn=(96) _fxstat
calls=4 37 
* 40
* 8
+11 28
+1 12
-1 42
+1 56
+17 8
+25 8
+10 8
+22 20
+35 28
cfi=(11) /usr/src/debug/glibc-2.12-2-gc4ccff1/elf/dl-object.c
cfn=(24) _dl_new_object
calls=4 62 
* 1847
+1 4
-1 4
+1 4
-54 4
+65 4
-65 4
+65 4
+1 4
+4 4
-4 4
+1 8
+2 16
+1 12
+1 8
+22 4
+8 4
-25 4
+17 4
+8 8
-8 16
+8 8
-8 4
+8 8
-8 4
+8 8
+99 8
-47 4
+47 12
-47 4
+47 12
-98 52
+6 12
+1 16
-8 240
+1 164
+70 3
+4 1
+1 2
+1 3
+4 2
+3 2
+7 2
-3 2
+6 1
cfi=(21) /usr/src/debug/glibc-2.12-2-gc4ccff1/elf/dl-tls.c
cfn=(130) _dl_next_tls_modid
calls=1 53 
* 6
* 3
+1 1
+58 6
+1 6
-5 8
+1 4
1038 40
+6 16
+1 8
-1 32
+7 24
+11 8
+1 8
-1 8
+1 8
-1 16
+1 8
+1 56
+2 24
+1 24
+1 24
+4 8
-4 8
+4 20
+5 36
+11 4
-11 36
+11 4
-56 6
+1 2
+67 4
+78 16
985 4
1191 8
985 4
1191 16
+2 4
-2 4
+2 4
+19 32
cfi=(27)
cfn=(98) mmap
calls=4 82 
* 24
+4 4
-4 4
+4 8
+7 12
+1 4
+2 4
-2 4
+2 4
+10 8
+35 24
+3 8
+7 32
+6 4
+2 4
-2 4
+1 4
+2 8
-1 16
+8 8
+3 8
+11 32
cfi=(28)
cfn=(102)
calls=4 44 
* 332
+1 24
+5 8
+15 8
-73 40
+4 8
-2 8
+2 40
cfi=(27)
cfn=(98)
calls=4 82 
* 24
-2 8
+11 8
+2 4
-2 4
+2 4
+2 6
-2 6
+2 4
+1 2
-1 4
+1 8
-3 4
+5 8
+57 4
-77 4
+77 8
+9 4
fi=(3) /usr/src/debug/glibc-2.12-2-gc4ccff1/elf/dynamic-link.h
113 4
fe=(18)
1345 4
fi=(3)
113 4
+6 4
-2 4
+2 8
+7 4
+5 4
+3 4
+1 4
-3 4
-5 8
-1 112
+1 57
+10 19
-18 57
+18 9
-18 27
+2 184
+8 64
+8 64
-18 192
+25 12
+20 4
+1 4
+1 4
+1 4
+2 4
+5 4
+1 3
+1 3
+35 12
+5 1
+2 1
-2 2
+2 1
+2 2
+2 2
+1 1
+2 12
+2 4
+2 4
+1 1
+2 8
fe=(18)
1351 12
+16 12
+19 8
+2 20
+51 12
+1 2
+3 2
cfi=(25)
cfn=(106) close
calls=1 82 
* 5
* 6
cfi=(25)
cfn=(106)
calls=3 82 
* 15
* 8
+8 8
+3 8
+2 4
-2 4
+2 4
+16 8
cfi=(4)
cfn=(6)
calls=4 873 
* 86
+4 16
+18 8
+4 4
+5 4
-5 4
+1 8
+4 4
+6 12
cfi=(11)
cfn=(40) _dl_add_to_namespace_list
calls=4 33 
* 184
+5 4
-1 8
+20 36
1232 28
cfi=(27)
cfn=(100)
calls=4 82 
* 20
* 4
1495 2
1321 8
cfi=(27)
cfn=(98)
calls=1 82 
* 6
+3 2
fi=(3)
128 36
+3 36
+1 24
+2 12
+1 12
fe=(18)

fn=(54) _dl_init_paths
633 1
+15 2
-15 8
+15 3
cfi=(5) /usr/src/debug/glibc-2.12-2-gc4ccff1/elf/../elf/dl-sysdep.c
cfn=(56) _dl_important_hwcaps
calls=1 354 
* 328
+4 1
-4 1
+4 1
cfi=(13)
cfn=(32) malloc
calls=1 95 
* 29
* 1
+2 1
-2 2
+2 1
+7 5
+4 4
cfi=(13)
cfn=(32)
calls=1 95 
* 29
* 1
* 1
+3 3
+29 1
-22 2
+22 3
-2 2
-21 1
+1 1
+22 3
-8 1
-4 1
-2 2
+11 1
-6 1
-3 1
+1 1
+3 1
+1 1
+4 1
-5 1
-4 1
-2 2
+11 1
-6 1
-3 1
+1 1
+3 1
+1 1
+4 27
+1 2
-1 6
+1 2
-1 24
+1 4
-1 12
+3 10
+7 1
+4 1
-5 1
+6 2
+4 3
+32 4
+8 3
cfi=(19) /usr/src/debug////////glibc-2.12-2-gc4ccff1/string/../sysdeps/x86_64/strchr.S
cfn=(60) index
calls=1 26 
* 43
* 2
+2 2
cfi=(8) /usr/src/debug////////glibc-2.12-2-gc4ccff1/string/../sysdeps/x86_64/rtld-strlen.S
cfn=(14) strlen
calls=1 29 
* 76
* 8
cfi=(14)
cfn=(38)
calls=1 56 
* 31
* 1
+17 6
+2 1
+1 2
+1 1
-4 3
+2 26
+1 52
+1 26
-4 79
+7 1
cfi=(13)
cfn=(32)
calls=1 95 
* 29
* 1
+2 1
-2 1
+2 1
+6 7
cfn=(62) fillin_rpath
calls=1 387 
* 997
+4 3
+6 1
+4 8
-72 1
-2 1
+2 2
+11 2

fn=(62)
387 16
+4 3
cfi=(13)
cfn=(64) strsep
calls=1 -66 
* 286
* 6
cfi=(13)
cfn=(64)
calls=2 -66 
* 244
* 9
+3 4
cfi=(8)
cfn=(14)
calls=2 29 
* 89
+4 2
-4 2
+4 2
+15 4
+29 21
+1 10
-38 8
+5 6
+51 6
+3 8
cfi=(13)
cfn=(32)
calls=2 95 
* 58
* 2
+3 2
-3 2
+3 2
+4 2
+2 6
-2 4
+2 2
cfi=(14)
cfn=(58)
calls=2 56 
* 58
* 2
+3 2
-2 4
+2 2
+1 1
+5 2
+1 1
-1 2
+1 2
-1 2
+1 1
-1 2
+1 26
+1 1
-1 3
+1 1
-1 20
-98 2
+98 3
+1 11
-1 6
+4 2
-1 4
+1 2
+7 4
+1 2
+3 6
+5 1
+3 9
-14 4
-9 3

fn=(86) expand_dynamic_string_token
317 8
+10 1
-10 1
+10 1
-10 1
+10 1
cfi=(19)
cfn=(60)
calls=1 26 
* 61
* 2
162 2
cfi=(8)
cfn=(14)
calls=1 29 
* 97
* 1
+1 2
cfi=(13)
cfn=(32)
calls=1 -68 
* 29
* 1
+2 2
+3 2
342 3
168 1
342 4
168 1
cfi=(14)
cfn=(38)
calls=1 56 
* 55

fn=(82) _dl_map_object
1984 8
+11 8
-11 16
+11 8
-11 8
+11 8
-11 56
+11 8
-11 16
+11 16
+12 58
-12 87
+5 165
+3 99
cfi=(24)
cfn=(84)
calls=33 301 
* 1956
* 66
2269 72
2027 4
-1 8
+10 4
-1 8
+26 8
-2 4
+2 4
cfi=(19)
cfn=(60)
calls=4 26 
* 121
* 8
2198 2
+1 4
cfn=(86)
calls=1 317 
* 276
+2 1
-3 1
+3 1
+4 9
cfn=(88)
calls=1 1581 
* 162
+3 1
-3 1
+3 1
+11 12
+3 8
+44 4
+1 28
-1 4
+1 12
cfn=(94)
calls=4 836 
* 5935
* 8
2026 8
+39 6
cfi=(8)
cfn=(14)
calls=3 29 
* 159
* 3
+2 3
-2 3
+2 3
+7 12
+35 9
+1 45
cfn=(114)
calls=3 1835 
* 2391
+6 3
-6 3
+6 3
+76 6
-76 6
610 9
2123 12
+6 6
cfi=(31) /usr/src/debug/glibc-2.12-2-gc4ccff1/elf/dl-cache.c
cfn=(118) _dl_load_cache_lookup
calls=3 186 
* 5473
+2 3
-2 3
+2 3
+4 9
+9 6
+28 27
cfn=(88)
calls=3 1581 
* 886
+3 3
-3 3
+3 3
+1 6
-93 3
-5 6
+5 3
+3 6
-3 3
+3 6
-3 3
+3 30
-3 9
610 9
2084 9
+14 15
+2 9
-2 6
610 9
2008 29
-1 58
+4 15
+2 15
-2 30
+2 45
cfi=(15)
cfn=(46)
calls=15 135 
* 315
* 45

fl=(15)
fn=(46)
135 1101
+1 1101
+1 1101
+1 434
+1 434
+1 434
+1 434
cfn=(47) strcmp'2
calls=434 -6 
* 15559
+5 667
+1 667
+1 667
+1 667

fn=(47)
135 2175
+1 2175
+1 2175
+1 1908
+1 1908
+1 1908
+1 1908
cfn=(47)
calls=1741 -6 
* 67199
+2 167
+1 167
+2 267
+1 267
+1 267
+1 267

fl=(5)
fn=(8) _dl_sysdep_start
89 8
+25 1
-1 1
+1 182
+3 1
-3 1
+6 2
-2 1
-1 1
+3 1
-6 1
+6 4
+1 1
-1 7
+1 105
+3 2
-4 49
fi=(16) /usr/src/debug/glibc-2.12-2-gc4ccff1/elf/../sysdeps/unix/sysv/linux/dl-sysdep.c
-84 2
cfi=(6) /usr/src/debug/glibc-2.12-2-gc4ccff1/elf/../sysdeps/unix/sysv/linux/x86_64/brk.c
cfn=(10) brk
calls=1 -7 
* 11
fi=(7)
226 5
fe=(5)
+3 2
cfi=(9) /usr/src/debug/glibc-2.12-2-gc4ccff1/elf/../misc/sbrk.c
cfn=(16) sbrk
calls=1 35 
* 17
* 3
+12 3
+3 5
cfi=(2)
cfn=(18) dl_main
calls=1 888 
* 332216
+2 9
-67 1
-59 4
+34 1
-34 4
+43 1
-43 4
+40 1
-40 4
+37 1
-37 5
+13 1
-13 4
+10 1
-10 4
+7 1
-7 4
227 1
cfi=(8)
cfn=(14)
calls=1 29 
* 35
* 2

fn=(176) _dl_sysdep_start_cleanup
252 1

fn=(56)
354 6
+3 1
-3 2
+3 1
-1 1
+1 1
+9 1
-12 4
+12 1
+10 3
+75 2
+8 2
+2 1
+1 1
-1 2
+1 3
+11 1
-7 2
+1 1
-1 1
+7 1
+4 6
+1 2
+18 11
+1 3
cfi=(13)
cfn=(32)
calls=1 95 
* 29
* 1
+1 1
-1 1
+1 1
+4 2
+22 3
+3 1
-3 3
+3 1
+28 2
-7 1
+7 4
+1 1
-1 1
+1 1
-1 1
+1 1
-1 1
+1 3
-1 3
+1 3
-1 3
+1 3
-1 5
+5 2
-5 3
+5 3
+3 1
-3 1
+3 1
-3 3
+3 1
-3 1
+3 7
+2 16
-2 4
+1 12
-1 2
+1 12
-1 10
+4 4
+3 1
+2 2
-1 1
-1 2
+2 3
+13 11
+1 1
+2 2
-3 3
+1 1
+2 2
+3 3
+3 9
418 1
+3 1
-3 1
+3 8
529 5
cfi=(14)
cfn=(58)
calls=1 56 
* 22
* 1
+1 1
-1 1
+1 2
cfi=(14)
cfn=(58)
calls=1 56 
* 22
* 3

fl=(2)
fn=(134) version_check_doit
660 2
+3 4
cfi=(35)
cfn=(136)
calls=1 387 
* 6206
-1 2
+4 2

fn=(2) _dl_start
365 9
+18 4
fi=(7)
76 2
fe=(2)
383 1
+29 2
-3 1
fi=(3)
119 1
fe=(2)
412 1
fi=(3)
119 2
+3 1
+4 1
+5 1
+3 1
+1 1
-3 1
-5 2
-5 14
+15 14
-18 42
+18 3
-18 9
+2 44
+5 32
+1 15
+10 5
-18 16
+25 2
fe=(2)
547 1
288 68
+12 2
cfi=(4)
cfn=(6)
calls=1 873 
* 24
+1 1
+1 1
+1 1
-2 1
+3 1
-2 1
+1 1
+1 1
+21 1
+10 1
-10 3
+10 1
-6 1
-4 1
+10 1
cfi=(5)
cfn=(8)
calls=1 89 
* 332720
* 1
+9 1
+7 1
-4 1
+4 1
572 9
fi=(3)
128 12
+3 12
+1 8
+2 4
+1 4
fe=(2)
540 2

fn=(76) _dl_initial_error_catch_tsd
796 18

fn=(18)
888 1
+19 1
-19 5
+22 1
-22 2
+32 1
-32 4
+27 1
-1 1
+6 1
+3 1
-16 1
+3 1
+4 1
+1 1
+8 1
cfn=(20) process_envvars
calls=1 2532 
* 612
+7 3
1109 5
+9 1
-9 2
cfi=(11)
cfn=(24)
calls=1 62 
* 250
+4 1
-4 1
+3 1
+6 2
-5 1
+1 2
+4 1
cfi=(11)
cfn=(40)
calls=1 33 
* 31
* 1
+30 1
-3 1
+3 1
-8 1
+1 1
+2 1
+5 5
+1 24
-1 24
+1 39
+91 2
+1 1
-88 3
+1 1
+49 2
+1 2
-1 8
+2 4
+1 2
+3 2
+1 2
-1 2
+1 2
+1 2
+1 6
+1 2
-43 1
-3 2
+3 1
+7 2
-10 1
+10 1
+68 2
-87 3
+1 1
+92 3
+3 2
+2 2
+2 3
+13 3
+1 6
cfi=(15)
cfn=(46)
calls=1 135 
* 7
-1 2
+12 2
-4 1
-2 1
+3 1
+3 1
+6 2
fi=(3)
104 1
+9 2
+6 1
-2 1
+2 2
+7 1
+5 1
+3 1
+1 1
-3 1
-5 2
-1 12
+1 9
+10 3
-18 9
+2 42
+8 18
+8 18
-18 54
+25 3
+67 3
+14 3
+7 2
fe=(2)
1294 2
cfi=(4)
cfn=(6)
calls=1 873 
* 14
+3 2
+20 4
+92 1
cfi=(16)
cfn=(50) _dl_discover_osversion
calls=1 67 
* 92
* 8
+5 2
cfi=(18)
cfn=(54)
calls=1 633 
* 1973
+3 3
cfi=(20)
cfn=(66)
calls=1 52 
* 23
+7 1
-7 1
+2 1
+5 1
+4 1
+3 1
-2 1
+3 1
-2 1
-2 2
+9 1
-9 1
+1 1
+8 1
+5 1
+4 1
-3 2
+3 1
+4 1
-5 1
+5 2
+1 2
+1 1
-1 2
+1 3
+2 2
+1 2
+5 2
+5 4
1642 1
cfi=(21)
cfn=(68) _dl_count_modids
calls=1 112 
* 5
* 1
+8 3
+3 2
+4 3
+5 2
+1 1
cfi=(20)
cfn=(70) _dl_debug_state
calls=1 77 
* 1
+1 1
+4 3
+19 4
+31 3
cfi=(25)
cfn=(108) access
calls=1 82 
* 11
* 2
+77 5
+17 1
+1 2
-1 1
+1 2
-1 1
+1 3
cfi=(29) /usr/src/debug/glibc-2.12-2-gc4ccff1/elf/dl-deps.c
cfn=(110) _dl_map_object_deps
calls=1 149 
* 20201
+1 1
+2 5
+3 1
-3 2
+3 1
-3 1
+3 1
-3 1
+3 1
+1 5
-1 2
+1 20
-1 11
+4 3
+1 3
+1 1
+2 2
+1 27
-1 12
+1 2
+13 1
-1 2
+1 1
+2 4
+5 1
-5 1
+4 2
+12 1
+3 1
+1 1
-1 1
+1 3
+11 2
+2 3
-2 2
+1 4
+1 1
cfi=(22) /usr/src/debug/glibc-2.12-2-gc4ccff1/elf/dl-error.c
cfn=(132) _dl_receive_error
calls=1 198 
* 6246
+10 1
+1 1
-1 1
+1 1
+3 2
851 1
fi=(36) /usr/src/debug/glibc-2.12-2-gc4ccff1/elf/../sysdeps/unix/sysv/linux/dl-osinfo.h
70 2
+48 2
fe=(2)
853 1
+6 2
fi=(36)
127 2
+11 2
fe=(2)
864 1
+2 1
+6 1
1895 2
2121 3
+56 2
+4 4
+4 2
+48 2
+7 1
-7 1
+7 1
+3 25
+3 3
+6 2
+2 2
-2 10
+2 10
+7 6
-2 6
+2 12
+1 35
cfi=(37)
cfn=(150)
calls=5 158 
* 287316
+4 14
+1 2
cfi=(21)
cfn=(172) _dl_add_to_slotinfo
calls=1 864 
* 24
+2 6
+2 12
+1 1
+2 7
+6 1
-6 1
+6 1
+9 4
+2 1
+5 2
cfi=(21)
cfn=(174) _dl_allocate_tls_init
calls=1 444 
* 130
+4 2
+11 4
+29 1
cfi=(5)
cfn=(176)
calls=1 252 
* 1
+4 3
+20 3
cfi=(20)
cfn=(66)
calls=1 52 
* 9
+1 1
-1 1
+2 1
cfi=(20)
cfn=(70)
calls=1 77 
* 1
+1 1
+4 1
cfi=(31)
cfn=(178) _dl_unload_cache
calls=1 316 
* 15
+5 8
-50 1
+2 1
+1 1
-3 1
+3 3
-3 1
+3 1
cfi=(37)
cfn=(150)
calls=1 158 
* 9991
+1 1
+2 10
1438 4
-11 4
1799 9
+4 3
+1 1
+1 3
2256 1
+1 1
-3 2
1694 79
cfi=(14)
cfn=(38)
calls=1 56 
* 70
* 1
+3 4
+3 3
cfi=(13)
cfn=(64)
calls=1 325 
* 1285
* 3
cfi=(13)
cfn=(64)
calls=1 325 
* 4
* 6
+1 4
+3 4
cfn=(72) do_preload
calls=1 802 
* 2259
* 2
+2 1
+2 12
1888 1
cfn=(142) init_tls
calls=1 782 
* 590
* 2

fn=(20)
2532 1
+8 2
-8 4
+23 1
-23 4
+8 1
-8 1
+8 2
-7 1
+6 2
fi=(97) /usr/src/debug/glibc-2.12-2-gc4ccff1/elf/../sysdeps/unix/sysv/linux/dl-librecon.h
32 1
fe=(2)
2539 1
-6 1
fi=(97)
32 2
fe=(2)
2542 2
cfi=(10)
cfn=(22)
calls=1 31 
* 28
* 4
cfi=(10)
cfn=(22)
calls=2 31 
* 356
* 9
+4 6
-4 2
+4 38
+1 19
-1 57
+9 12
2704 1
-4 1
+4 1
-4 1
+4 1
+30 2
+21 8
2629 17
-53 5
+7 12
+2 2
+1 1
+45 2
+1 1

fn=(42)
836 7
+1 7

fn=(44)
842 7
+1 7

fn=(72)
802 6
+6 1
+1 1
+5 5
-10 1
+6 1
+2 1
+2 1
cfi=(22)
cfn=(74) _dl_catch_error
calls=1 160 
* 2232
+1 2
+2 3
+12 5

fn=(80) map_doit
628 2
+2 7
cfi=(18)
cfn=(82)
calls=1 1984 
* 2163
* 1
+2 2

fn=(142)
782 1
-56 1
-4 1
-2 1
+2 1
+4 1
+60 3
-54 1
+3 4
cfi=(13)
cfn=(28)
calls=1 111 
* 39
* 1
+14 1
-14 1
+7 1
+1 1
+6 3
+2 12
+4 1
+2 1
-2 2
-5 1
-1 2
+1 5
-1 10
+13 1
cfi=(21)
cfn=(144) _dl_determine_tlsoffset
calls=1 134 
* 55
+7 1
cfi=(21)
cfn=(146) _dl_allocate_tls_storage
calls=1 350 
* 424
+1 1
-1 1
+1 1
+6 1
+4 1
-4 1
+4 6
+3 1
+2 1

fl=(29)
fn=(112) openaux
62 14
+7 7
-4 77
cfi=(18)
cfn=(82)
calls=7 1984 
* 16924
* 7
+5 14

fn=(110)
149 1
+1 1
-1 2
+1 1
-1 2
+1 1
-1 1
+1 2
-1 4
+1 1
-1 1
+1 2
+16 1
-16 1
+14 1
+1 1
+1 1
+6 3
+10 1
-10 1
+10 1
-36 5
+20 1
-2 1
+19 1
-17 1
+6 1
-6 1
-2 1
+2 1
-2 1
+1 1
+1 1
+6 3
+10 1
-10 1
+10 5
+19 1
-15 1
+18 1
338 3
186 2
338 1
201 2
+2 1
+1 1
338 4
208 1
+5 1
+4 2
-9 5
+5 5
+4 10
+2 2
+3 12
+10 4
-8 4
+7 4
-7 4
+8 4
+3 4
-5 4
+1 4
-7 4
+5 4
+6 28
+50 14
+1 12
-51 388
+1 194
+6 35
cfi=(19)
cfn=(60)
calls=7 26 
* 229
* 21
+5 35
-3 7
+3 7
cfi=(22)
cfn=(74)
calls=7 -87 
* 17442
+2 21
+15 7
+2 14
+5 4
+6 4
+2 4
-8 8
+5 4
-2 4
+1 4
+2 4
+4 24
-59 8
+13 2
466 12
+2 12
+2 12
cfi=(13)
cfn=(32)
calls=4 95 
* 116
* 4
+2 4
-2 4
+2 4
+4 16
-1 4
+2 4
-1 8
cfi=(14)
cfn=(38)
calls=4 56 
* 91
+1 16
cfi=(14)
cfn=(38)
calls=4 56 
* 91
+4 4
-1 4
+5 36
+2 6
+1 42
217 22
+1 5
-1 10
+2 28
488 3
+4 4
+1 2
+3 5
+11 4
cfi=(13)
cfn=(32)
calls=1 95 
* 29
* 1
+2 1
-2 1
+2 1
+5 2
+1 1
-1 1
+1 1
-1 1
+1 1
-1 1
+1 5
+8 5
+4 2
-10 3
+6 25
+4 10
-10 16
+13 2
+53 4
+43 1
-5 1
+6 2
-1 6
+1 3
cfi=(28)
cfn=(102)
calls=1 44 
* 19
* 1
+25 2
-25 1
+25 1
-25 1
+25 1
-21 2
+7 1
-6 2
+6 1
-7 8
+7 4
-6 8
+6 12
+2 16
+1 8
-1 24
+1 16
+3 39
-1 57
+23 10
-28 20
+31 19
+3 32
cfi=(28)
cfn=(102)
calls=4 44 
* 70
* 8
-45 8
+45 1
+7 2
+2 1
+1 1
-1 1
+9 2
+3 2
+3 8
288 360
619 8
cfi=(14)
cfn=(38)
calls=1 56 
* 47
+2 3

fl=(9)
fn=(16)
35 3
+8 1
-8 1
+8 5
+4 2
+11 5

fl=(17) /usr/src/debug////////glibc-2.12-2-gc4ccff1/posix/../sysdeps/unix/syscall-template.S
fn=(52) uname
82 4
+1 1

fl=(16)
fn=(50)
67 4
+2 3
+85 5
-45 3
cfi=(17)
cfn=(52)
calls=1 -27 
* 5
* 3
+12 2
+10 12
+4 3
-2 9
+2 10
+3 4
-3 4
+7 3
-1 3
+2 3
+2 14
+5 2

fl=(56) /usr/src/debug/glibc-2.12-2-gc4ccff1/elf/../elf/dl-runtime.c
fn=(284) _dl_fixup
73 13
+6 26
-6 13
+6 13
-6 39
+6 13
+1 13
-4 13
+5 13
-2 13
-3 13
+4 13
+1 13
-1 52
+10 26
+4 39
+5 72
+1 36
+8 52
+7 26
+3 130
cfi=(4)
cfn=(156)
calls=13 724 
* 18064
* 13
+4 39
+4 52
+6 91
+8 13
+7 52
+4 39
fi=(7)
+85 13
fe=(56)
-81 78
-55 2

fl=(20)
fn=(70)
77 2

fn=(66)
52 12
+5 6
-5 6
+5 12
+5 2
-1 1
+1 3
+1 2
+4 6
-10 12
+4 1
-1 1
+1 4

fl=(27)
fn=(100)
82 28
+1 7

fn=(180) munmap
82 4
+1 1

fn=(98)
82 65
+1 13

fl=(21)
fn=(68)
112 2
+1 3

fn=(130)
53 3
+48 2
+4 1

fn=(172)
864 6
+6 1
+3 2
+5 3
+42 1
-1 3
+1 2
+1 6

fn=(146)
350 1
+13 1
-13 2
+2 1
+11 2
cfi=(13)
cfn=(36) __libc_memalign
calls=1 53 
* 50
* 1
+1 1
-1 1
+1 1
+7 1
+4 307
-58 1
+1 1
-1 1
+1 2
cfi=(13)
cfn=(28)
calls=1 111 
* 39
* 1
+1 2
+3 1
+6 2
+64 5

fn=(174)
444 7
+1 1
-1 1
+1 1
+4 1
+6 3
+12 4
+5 6
+6 8
+27 3
+8 3
+1 3
+1 6
cfi=(14)
cfn=(58)
calls=1 56 
* 23
* 4
cfi=(28)
cfn=(102)
calls=1 44 
* 27
* 3
-43 3
+6 4
+3 1
+1 2
+7 1
+2 1
-2 2
+2 2
+38 1
+3 9

fn=(144)
134 1
+11 1
-11 3
+45 8
+5 2
+4 2
-4 3
+2 2
+2 3
+12 2
+4 5
+3 2
-1 2
+10 1
-37 2
+37 1
-37 3
+41 1
-1 1
+52 1
-51 1
+52 4
-52 3
+52 1

fl=(13)
fn=(32)
95 31
+1 62
cfn=(36)
calls=31 -43 
* 831
* 31

fn=(64)
325 5
+1 10
+4 27
+5 6
-5 273
+5 368
+2 744
+8 93
-15 281
+18 2
+4 4
-13 2
+2 2
+7 1
+4 1

fn=(28)
111 12
-3 12
+3 24
-3 12
+3 24
+4 24
cfn=(32)
calls=12 -20 
* 404
* 12

fn=(36)
53 128
+1 127
+11 93
+3 31
-3 31
+3 62
-3 3
+3 1
-3 1
+3 118
+4 12
+1 9
+6 21
cfi=(27)
cfn=(98)
calls=3 +3 
* 18
+2 6
+3 6
+1 6
-1 3
+1 6
+3 3
+1 3
+2 12
-3 29
+1 29
+2 116
-31 2
-1 5

fl=(24)
fn=(84)
301 785
+1 314
cfi=(15)
cfn=(46)
calls=157 135 
* 1106
* 314
+3 157
+2 314
+4 157
-4 314
+1 498
cfi=(15)
cfn=(46)
calls=166 135 
* 3189
* 332
+6 9
-7 9
+7 175
-7 148
+7 444

fn=(120) _dl_sysdep_read_whole_file
44 2
+3 1
-3 4
+3 1
-3 1
+3 1
cfi=(25)
cfn=(90)
calls=1 +35 
* 5
+1 1
-1 1
+1 2
+2 4
cfi=(26)
cfn=(96)
calls=1 -13 
* 10
* 2
+2 1
+3 1
-3 1
+3 1
+13 2
cfi=(25)
cfn=(106)
calls=1 +14 
* 5
+3 7
-14 7
cfi=(27)
cfn=(98)
calls=1 +25 
* 6
* 2

fl=(1) ???
fn=(0) 0x0000003aa8e00b00
0 2
cfi=(2)
cfn=(2)
calls=1 365 
0 333115
0 14
cfi=(42) /usr/src/debug/glibc-2.12-2-gc4ccff1/elf/dl-init.c
cfn=(184) _dl_init
calls=1 93 
0 2433
0 3
cob=(7) /h/dmeyer04/profiling/um
cfi=(54) ???
cfn=(274) 0x0000000000400a70
calls=1 0 
0 61005577374

fl=(42)
fn=(184)
93 11
+5 1
-4 1
+1 1
+3 2
+7 2
+27 2
+1 14
+1 6
-1 6
+1 12
-97 18
+9 5
-3 10
+3 15
+5 12
+5 6
+8 6
+6 18
cob=(2)
cfi=(12)
cfn=(252) 0x0000003aaae0a670
calls=1 -70 
* 29
cob=(2)
cfi=(12)
cfn=(232) 0x0000003aa9603d90
calls=1 -70 
* 29
cob=(3)
cfi=(44) /usr/src/debug/glibc-2.12-2-gc4ccff1/csu/../sysdeps/unix/sysv/linux/init-first.c
cfn=(210) _init
calls=1 -18 
* 2135
+4 3
+1 6
+65 8
-89 2
-5 4
-9 3
+9 1
-3 2
+3 3
+5 3
+5 2
+8 2
+6 7
cob=(2)
cfi=(12)
cfn=(186) 0x0000000004801490
calls=1 -70 
* 40
* 1
+4 1
+1 2
+26 2

fl=(22)
fn=(132)
198 10
+1 1
cfi=(2)
cfn=(76)
calls=1 796 
* 2
+5 1
-1 1
-4 1
+9 1
+2 1
-3 1
+3 1
cfi=(2)
cfn=(134)
calls=1 660 
* 6216
+2 1
+1 1
+1 8

fn=(74)
160 56
+9 8
+2 8
cfi=(2)
cfn=(76)
calls=8 796 
* 16
* 8
+1 8
+2 16
-2 8
+2 8
cfi=(23) /usr/src/debug////////glibc-2.12-2-gc4ccff1/setjmp/../sysdeps/x86_64/setjmp.S
cfn=(78) __sigsetjmp
calls=8 26 
* 152
+1 8
-1 8
+1 8
+2 16
+1 8
-1 8
+1 8
cfi=(29)
cfn=(112)
calls=7 62 
* 17043
cfi=(2)
cfn=(80)
calls=1 628 
* 2175
+1 24
+1 8
+1 8
-1 8
+2 8
-1 8
+1 8
+10 32

fl=(8)
fn=(14)
29 23
+1 23
+1 23
+1 23
+2 10
+1 10
+2 10
+1 10
-1 32
+1 32
+1 41
+1 41
+1 41
+2 44
+5 22
+1 22
+1 22
+1 22
+3 22
-6 6
+1 6
+1 6
+1 6
+3 6
+1 24
+1 24
+1 24
+2 24
+3 22
+1 22
+1 22
+1 22
+3 22
+1 21
+1 21
+1 21
+2 21
+3 14
+1 14
+1 14
+1 14
+3 14
+1 9
+1 9
+1 9
+2 9
+3 8
+1 8
+1 8
+1 8
+3 8
+1 6
+1 6
+1 6
+2 6
+3 22
+2 22
+1 22
+1 16
+2 16
+1 16
+1 14
+2 14
+1 14
+1 12
+2 12
+1 12
+1 6
+2 6
+2 6
+1 6
+1 5
+2 5
+1 5
+1 5
+2 5
+1 5
+1 1
+2 1
+1 1
-1 22
+1 22

fl=(28)
fn=(102)
44 15
+1 15
+1 15
+4 15
+1 15
+1 15
+1 15
+2 15
+1 15
+2 13
+5 13
+1 13
+1 13
+1 13
+1 13
326 1
+1 1
+1 1
+1 1
+1 1
+1 1
+1 1
+1 1
+1 1
+1 1
+1 1
+1 1
+1 1
+1 1
+1 1
-11 1
+1 1
+1 1
+1 1
+1 1
+1 1
+1 1
+1 1
+1 1
+1 1
+1 1
+1 1
-8 1
+1 1
+1 1
+1 1
+1 1
+1 1
+1 1
+1 1
+1 1
-3 2
+1 2
+1 2
+1 2
-2 3
+1 3
+1 3
-1 2
+1 2
+67 1
+1 1
+1 1
+1 1
+1 1
+1 1
+1 1
+1 1
+1 1
+1 1
+1 1
-2 2
+1 2
+1 2
-1 2
+1 2
+87 2
+1 2
+1 2
+1 2
+1 2
+1 2
+1 2
+5 2
+1 2
+1 2
+1 2
+1 2
+36 1
+1 1
+37 2
1214 2
+1 4
+4 2
+1 2
+1 4
+5 2
+2 2
+1 2
+1 2
+1 2
+1 2
+1 2
+1 2
+1 2
+1 2
+1 2
+1 2
+1 2
+1 2
+1 2
+1 2
+1 2
+2 2
+2 2
-21 8
+2 8
+1 8
+1 8
+1 8
+1 8
+1 8
+1 8
+1 8
+1 8
+1 8
+1 8
+1 8
+1 8
+1 8
+1 8
+1 8
+2 8
+2 8
+3 2
+1 2
+6 2
+1 2
+1 2
+1 2
+1 2

fl=(30)
fn=(116)
37 8
-1 8
+1 8
+1 48
+4 2
-4 24

fl=(34)
fn=(128)
322 2
+7 2
-7 10
+7 2
+34 4
+6 4
+1 4
-3 4
+2 56
+1 28
-3 14
-4 34
+13 14

fl=(19)
fn=(60)
26 13
+1 13
+1 13
+1 13
+1 13
+1 13
+1 13
+1 13
+1 13
+1 13
+1 13
+1 13
+1 13
+1 13
+1 13
+1 13
+1 13
+1 13
+1 13
+1 13
+1 13
+2 14
+1 14
+1 14
+1 14
+1 14
+1 14
+1 14
+1 14
+1 14
+2 13
+1 13
+1 1
+1 1
+1 1
+1 1
+1 12
+1 13

fl=(31)
fn=(178)
316 1
+1 4
+2 2
cfi=(27)
cfn=(180)
calls=1 82 
* 5
+1 1
+2 2

fn=(122) _dl_cache_libcmp
170 105
-29 70
+2 105
+20 105
+2 70
+4 35
+1 70
cfn=(123) _dl_cache_libcmp'2
calls=35 * 
* 2847

fn=(123)
170 510
-29 350
+2 510
+2 15
+6 10
+1 5
-1 5
+2 5
-1 10
+1 15
+1 4
-1 4
+2 5
+1 4
-1 20
+2 10
+6 495
+2 330
+4 135
+1 270
cfn=(123)
calls=135 * 
* 7931
+3 10
+1 5
-8 120

fn=(118)
186 27
+8 6
+3 9
+45 6
+6 9
+16 9
+12 3
-20 3
+8 3
+12 3
-12 3
+12 6
-20 3
+20 9
-20 3
+20 578
cfn=(122)
calls=30 170 
* 2812
* 165
-76 4
cfi=(24)
cfn=(120)
calls=1 44 
* 68
+8 2
+1 1
-1 2
+1 3
-1 13
+8 1
-3 1
+3 3
+3 1
+1 2
-1 1
+1 1
+2 2
-2 22
+56 67
cfn=(122)
calls=2 170 
* 162
* 18
cfn=(122)
calls=3 170 
* 433
* 113
+16 12
+4 6
+8 6
cfi=(8)
cfn=(14)
calls=3 29 
* 203
* 3
+1 3
-1 12
+1 6
cfi=(32) /usr/src/debug////////glibc-2.12-2-gc4ccff1/string/../sysdeps/x86_64/strcpy.S
cfn=(124) strcpy
calls=3 32 
* 267
+1 6
cfi=(33) /usr/src/debug/glibc-2.12-2-gc4ccff1/string/strdup.c
cfn=(126) strdup
calls=3 41 
* 348
+1 24

fl=(55)
fn=(282)
30 13
+2 13
+1 13
+1 13
+1 13
+1 13
+1 13
+1 13
+1 13
+1 13
+1 13
cfi=(56)
cfn=(284)
calls=13 +32 
* 19097
+1 13
+1 13
+1 13
+1 13
+1 13
+1 13
+1 13
+1 13
+1 13
+2 13

fl=(33)
fn=(126)
41 12
+1 3
cfi=(8)
cfn=(14)
calls=3 -13 
* 117
* 3
+1 6
cfi=(13)
cfn=(32)
calls=3 +52 
* 87
* 3
+2 6
+3 6
+1 6
-1 3
+1 3
-1 3
cfi=(14)
cfn=(38)
calls=3 +8 
* 90

fl=(25)
fn=(106)
82 20
+1 5

fn=(90)
82 68
+1 17
+1 72

fn=(108)
82 4
+1 1
+1 6

fn=(92)
82 16
+1 4

fl=(32)
fn=(124)
32 3
+1 3
+1 3
+2 3
+2 3
+1 3
+3 3
+1 3
+1 3
+1 3
-3 7
+1 7
+1 7
+1 7
+1 10
+1 10
+1 10
+1 10
+3 3
+8 3
+1 3
+1 3
+1 3
+3 3
+1 3
+1 3
+1 3
+3 3
+2 3
+1 3
+3 3
+1 3
+1 3
+1 3
+3 3
+1 3
+1 3
+1 3
+3 3
+2 1
+1 1
+3 1
+1 1
+1 1
+1 1
+3 1
+1 1
+1 1
+1 1
+3 1
+30 11
+1 11
+1 11
+1 8
+1 8
+1 8
+1 8
+1 8
+1 8
+1 8
+6 3
+2 3

fl=(23)
fn=(78)
26 8
+2 8
+1 16
+1 8
+4 8
+1 8
+1 8
+1 8
+1 8
+2 16
+2 8
+1 8
+2 16
+2 8
+4 8
+1 8

fl=(11)
fn=(40)
33 20
+2 5
-2 5
+2 5
cfi=(2)
cfn=(42)
calls=5 836 
* 10
+2 34
+3 56
+2 4
+2 4
+4 4
+4 4
-4 8
+1 8
+3 4
-2 4
+3 12
-1 4
cfi=(2)
cfn=(44)
calls=4 842 
* 8
-4 1
+4 1
-4 2
+1 2
+3 1
-2 1
+3 3
-1 1
cfi=(2)
cfn=(44)
calls=1 842 
* 2
-5 2

fn=(24)
62 45
+2 5
-2 20
+2 5
cfi=(8)
cfn=(14)
calls=5 -35 
* 266
+6 5
-6 5
+7 10
+6 20
cfi=(13)
cfn=(28)
calls=5 +34 
* 251
* 5
+3 5
-3 5
+3 10
+4 5
+5 5
-6 5
+4 5
+2 5
-5 5
+3 5
+2 10
cfi=(14)
cfn=(38)
calls=5 -33 
* 142
+2 5
-2 5
+5 5
-1 5
-2 5
+3 20
+3 5
-3 5
+3 5
+9 5
-7 5
+4 5
+3 5
-46 5
+48 2
-2 2
+2 30
-2 30
+18 10
-6 5
+6 5
-5 5
+5 5
-6 5
+6 20
+2 16
+3 11
+4 12
+4 24
+8 1
+6 1
-3 2
+3 6
-3 8
+3 8
+2 8
cfi=(8)
cfn=(14)
calls=4 29 
* 214
* 4
+4 4
-4 4
+4 4
+64 4
+7 45
70 10
+1 40
+66 4
-39 10
223 6
-86 1
-4 1
+4 2
+24 8
cfi=(13)
cfn=(32)
calls=4 -66 
* 116
* 4
+1 4
-1 4
+1 12
+45 12
cfi=(14)
cfn=(58)
calls=4 56 
* 143
* 4
+6 132
-1 66
+1 70
-1 4
+1 4
+2 8
+3 8

fl=(26)
fn=(96)
37 5
-1 5
+1 5
+1 30
+4 5

fl=(6)
fn=(10)
29 1
+3 4
+2 2
-2 1
+2 1
+7 2

ob=(3)
fl=(49)
fn=(626)
19 1
+17 1
-17 2
+20 2

fn=(220) __libc_global_ctors
19 1
+7 1
-7 5
+1 1
cfi=(50) /usr/src/debug/glibc-2.12-2-gc4ccff1/string/../sysdeps/x86_64/cacheinfo.c
cfn=(222) init_cacheinfo
calls=1 538 
* 1996
-1 3
+10 2

fl=(91) /usr/src/debug/glibc-2.12-2-gc4ccff1/libio/putc.c
fn=(510) putc
29 2400
+3 2400
-3 4800
+3 33600
+1 7200
fi=(85) /usr/src/debug/glibc-2.12-2-gc4ccff1/libio/libioP.h
968 4800
+1 26400
fe=(91)
36 7200
-3 7200
cfi=(73) /usr/src/debug/glibc-2.12-2-gc4ccff1/libio/genops.c
cfn=(512) __overflow
calls=2400 246 
* 104030
* 4800

fl=(65) /usr/src/debug/glibc-2.12-2-gc4ccff1/malloc/hooks.c
fn=(340) malloc_hook_ini
36 1
-1 2
+1 1
+1 1
cfi=(66) /usr/src/debug/glibc-2.12-2-gc4ccff1/malloc/arena.c
cfn=(342) ptmalloc_init
calls=1 470 
* 59910
+1 1
+1 1
-1 1
cfi=(64) /usr/src/debug/glibc-2.12-2-gc4ccff1/malloc/malloc.c
cfn=(339) malloc'2
calls=1 3646 
* 1096

fl=(69) /usr/src/debug/glibc-2.12-2-gc4ccff1/nptl/../nptl/sysdeps/unix/sysv/linux/register-atfork.c
fn=(348) __linkin_atfork
117 1
+2 4
-1 3
+2 1

fl=(48) /usr/src/debug////////glibc-2.12-2-gc4ccff1/string/../sysdeps/x86_64/strrchr.S
fn=(218) __GI_strrchr
26 1
+1 1
+1 1
+1 1
+1 1
+1 1
+1 1
+1 1
+1 1
+1 1
+1 1
+1 1
+1 1
+1 1
+1 1
+1 1
+1 1
+1 1
+1 1
+1 1
+1 1
+1 1
+1 1
+13 1
+1 1
+1 1
+1 1
+7 1
+1 1
+1 1
+1 1
+1 1
+1 1
+1 1

fl=(92) /usr/src/debug/glibc-2.12-2-gc4ccff1/stdlib/exit.c
fn=(534) exit
99 5
-57 3
+36 3
-32 1
+32 1
-32 1
+32 3
-32 1
+32 1
-32 1
+3 2
+1 5
+33 1
+1 1
-1 1
+1 1
+7 6
cfi=(73)
cfn=(628) _IO_cleanup
calls=1 1007 
* 256
* 3
+2 2
cfi=(96) /usr/src/debug/glibc-2.12-2-gc4ccff1/posix/../sysdeps/unix/sysv/linux/_exit.c
cfn=(638) _Exit
calls=1 -64 
* 5
-19 1
+4 1
-4 2
+4 1
-2 2
+2 1
cob=(1)
cfi=(93)
cfn=(536)
calls=1 +55 
* 5621
* 1

fl=(96)
fn=(638)
29 2
+4 1
+2 2

fl=(87) /usr/src/debug/glibc-2.12-2-gc4ccff1/libio/iofclose.c
fn=(438) fclose@@GLIBC_2.2.5
43 3
+14 1
-14 1
+14 2
+3 16
+1 2
fi=(85)
968 2
+1 6
fe=(87)
66 4
cfi=(74) /usr/src/debug/glibc-2.12-2-gc4ccff1/libio/fileops.c
cfn=(454) _IO_file_finish@@GLIBC_2.2.5
calls=1 205 
* 32
+1 3
+18 6
+2 1
+1 2
cfi=(64)
cfn=(460) free
calls=1 3694 
* 114
* 1
+4 5
-10 2
-20 2
cfi=(74)
cfn=(442) _IO_file_close_it@@GLIBC_2.2.5
calls=1 162 
* 100
* 3
-4 1
cfi=(73)
cfn=(440) _IO_un_link
calls=1 +6 
* 80
* 2
fi=(85)
969 6
fe=(87)

fl=(83) /usr/src/debug/glibc-2.12-2-gc4ccff1/io/../sysdeps/unix/sysv/linux/wordsize-64/fxstat.c
fn=(416) _fxstat
37 2
-1 2
+1 2
+1 12
+4 2

fl=(67) /usr/src/debug/glibc-2.12-2-gc4ccff1/misc/../sysdeps/unix/sysv/linux/getpagesize.c
fn=(344) getpagesize
35 5
+16 1

fl=(89) /usr/src/debug////////glibc-2.12-2-gc4ccff1/string/../sysdeps/x86_64/memset.S
fn=(482) __GI_memset
44 4332589
+1 4332589
+1 4332589
+4 4332589
+1 4332589
+1 4332589
+1 4332589
+2 4332589
+1 4332589
+2 4332548
+5 4332548
+1 4332548
+1 4332548
+1 4332548
+1 4332548
327 326
+1 326
+1 326
+1 326
+1 326
+1 326
+1 326
+1 326
+1 326
+1 326
+1 326
+1 326
+1 326
+1 326
-11 4332222
+1 4332222
+1 4332222
+1 4332222
+1 4332222
+1 4332222
+1 4332222
+1 4332222
+1 4332222
+1 4332222
+1 4332222
+1 4332222
504 41
+1 41
+1 41
+1 41
+1 41
+1 41
+1 41
+5 41
+1 41
+1 41
+1 41
+1 41
+85 41
+1 41
+2 41
+1 41
+2 21
+5 21
+1 21
+1 21
+1 21
+1 21
741 21
+1 21
+1 21
+1 21
+1 21
+1 21
+1 21
+1 21
+1 21
+1 21
+1 21
-8 3
+1 3
+1 3
+1 3
+1 3
+1 3
+1 3
+1 3
+1 3
-7 1
+1 1
+1 1
+1 1
+1 1
+1 1
+1 1
+1 1
-2 8
+1 8
+1 8
-1 8
+1 8
866 20
+1 20
+1 40
+4 20
+1 20
+1 20
+1 20
+1 20
+1 20
+1 20
+1 20
+1 20
+1 20
+2 20
+1 20
-12 2756
+1 2756
+1 2756
+1 2756
+1 2756
+1 2756
+1 2756
+1 2756
+1 2756
+1 2756
+2 2756
+1 2756
+1 20
+5 20
+1 20
+1 20
+1 20
+1 20

fl=(63) /usr/src/debug/glibc-2.12-2-gc4ccff1/libio/../libio/iofopen.c
fn=(382) __fopen_maybe_mmap
45 1
-2 1
+2 1
+15 1

fn=(334) __fopen_internal
68 7
+8 1
-8 1
+8 1
cfi=(64)
cfn=(338) malloc
calls=1 3646 
* 61029
* 1
+2 1
-2 1
+2 1
+3 1
+3 5
-3 1
+3 1
cfi=(73)
cfn=(364) _IO_no_init
calls=1 648 
* 57
+4 1
+1 1
-1 1
+1 1
cfi=(74)
cfn=(368) _IO_file_init@@GLIBC_2.2.5
calls=1 +58 
* 90
+4 5
cfi=(74)
cfn=(372) _IO_file_fopen@@GLIBC_2.2.5
calls=1 257 
* 112
* 2
+2 1
+5 5
-5 1
cfn=(382)
calls=1 -50 
* 4

fn=(332) fopen@@GLIBC_2.2.5
107 2
cfn=(334)
calls=1 -39 
* 61332

fl=(81) /usr/src/debug/glibc-2.12-2-gc4ccff1/libio/getc.c
fn=(402) getc
37 45684
+3 45684
-3 45684
+3 639576
+1 274101
fi=(85)
968 91368
+1 502524
fe=(81)
44 137052
-3 2
cfi=(73)
cfn=(404) __uflow
calls=1 368 
* 207
* 2

fl=(51) /usr/src/debug/glibc-2.12-2-gc4ccff1/stdlib/bsearch.c
fn=(228) bsearch
27 104
+7 162
+2 54
+2 54
-2 54
+1 216
+1 108
cfi=(50)
cfn=(230) intel_02_known_compare
calls=54 152 
* 378
+1 108
+2 8
+1 8
-8 24
+14 72

fl=(66)
fn=(342)
470 6
+8 3
634 7
479 1
-66 1
+2 1
+1 1
+1 1
+1 1
cfi=(67)
cfn=(344)
calls=1 35 
* 6
522 1
418 1
+96 1
-93 1
+1 1
+91 1
+1 1
+8 1
+8 2
+1 1
-3 1
+3 1
-1 1
+1 10
cfi=(69)
cfn=(348)
calls=1 117 
* 9
+11 2
+2 5
+16 2
385 116
+16 58
-18 177
625 2
+5 2
+1 2
+2 2
524 5
cfi=(68) /usr/src/debug/glibc-2.12-2-gc4ccff1/elf/dl-addr.c
cfn=(346) _dl_addr
calls=1 127 
* 59453
-2 2
+2 1
-2 2
385 18

fl=(57) /usr/src/debug/glibc-2.12-2-gc4ccff1/csu/libc-start.c
fn=(288) (below main)
96 7
+10 1
-10 3
+10 3
+52 1
-52 1
+52 1
+1 4
cfi=(58) /usr/src/debug/glibc-2.12-2-gc4ccff1/stdlib/cxa_atexit.c
cfn=(290) __cxa_atexit
calls=1 57 
* 60
+22 4
+3 2
+1 5
cob=(7)
cfi=(54)
cfn=(294) __libc_csu_init
calls=1 0 
* 64
+4 4
+15 2
+9 2
cfi=(59) /usr/src/debug////////glibc-2.12-2-gc4ccff1/setjmp/../sysdeps/x86_64/bsd-_setjmp.S
cfn=(320) _setjmp
calls=1 34 
* 29
+1 2
+5 2
+1 2
+3 2
+3 5
cob=(7)
cfi=(62) /h/dmeyer04/profiling/um.c
cfn=(326) main
calls=1 65 
* 61005575394
106 2

fl=(75) /usr/src/debug////////glibc-2.12-2-gc4ccff1/io/../sysdeps/unix/syscall-template.S
fn=(374) open
82 2
cfn=(376) __open_nocancel
calls=1 * 
* 5

fn=(448) __close_nocancel
82 5

fn=(522) write
82 206
cfn=(524) __write_nocancel
calls=103 * 
* 515

fn=(426) read
82 2
cfn=(428) __read_nocancel
calls=1 * 
* 5

fn=(376)
82 5

fn=(524)
82 515

fn=(428)
82 5

fl=(82) /usr/src/debug/glibc-2.12-2-gc4ccff1/libio/filedoalloc.c
fn=(412) _IO_file_doallocate
88 8
+15 12
cfi=(74)
cfn=(414) _IO_file_stat
calls=2 1225 
* 28
* 4
+2 8
+11 3
+1 6
+3 12
cfi=(84) /usr/src/debug////////glibc-2.12-2-gc4ccff1/misc/../sysdeps/unix/syscall-template.S
cfn=(418) mmap
calls=2 -38 
* 12
* 6
+1 8
cfi=(73)
cfn=(420) _IO_setb
calls=2 404 
* 34
* 2
+2 8
-13 1
fi=(98) /usr/src/debug/glibc-2.12-2-gc4ccff1/libio/../sysdeps/unix/sysv/linux/sys/sysmacros.h
-65 6
fe=(82)
+65 1
-2 2
+8 1
-3 1
+3 2

fl=(61) /usr/src/debug/glibc-2.12-2-gc4ccff1/setjmp/sigjmp.c
fn=(324) __sigjmp_save
30 1
-1 2
+1 2
+5 1
-5 1
+5 2

fl=(44)
fn=(210)
52 6
+6 1
-6 2
+6 2
+17 1
fi=(46) /usr/src/debug/glibc-2.12-2-gc4ccff1/csu/../sysdeps/unix/sysv/linux/x86_64/init-first.c
-40 2
fe=(44)
+38 1
+1 1
fi=(46)
-41 2
fe=(44)
+42 1
fi=(46)
-42 3
+2 1
cfi=(45) /usr/src/debug/glibc-2.12-2-gc4ccff1/elf/../sysdeps/unix/sysv/linux/dl-vdso.c
cfn=(212) _dl_vdso_vsym
calls=1 -8 
* 8
+8 1
-5 2
+5 1
-5 1
+2 2
+1 1
+2 1
cfi=(45)
cfn=(212)
calls=1 -16 
* 8
fe=(44)
+46 3
fi=(46)
-45 2
+1 1
fe=(44)
+44 1
cfi=(47) /usr/src/debug/glibc-2.12-2-gc4ccff1/misc/init-misc.c
cfn=(216) __init_misc
calls=1 -58 
* 58
+8 1
cfi=(49)
cfn=(220)
calls=1 -78 
* 2009
+2 6
-32 1
-9 1
+9 4

fl=(47)
fn=(216)
31 3
+1 1
-1 1
+1 4
+2 3
cfi=(48)
cfn=(218)
calls=1 -8 
* 34
+1 2
+3 3
+1 3
+2 4

fl=(64)
fn=(338)
3646 25
+5 10
+1 10
+3 28
+2 12
cfn=(350) _int_malloc
calls=4 4281 
* 625
+1 4
-1 4
+1 12
+18 8
+1 16
+5 24
-27 24
-2 1
+29 4
-29 1
cfi=(65)
cfn=(340)
calls=1 36 
* 61014

fn=(339)
3646 5
+5 2
+1 2
+3 7
+2 3
cfn=(350)
calls=1 4281 
* 1054
+1 1
-1 1
+1 3
+18 2
+1 4
+5 6
-27 6

fn=(354) sYSMALLOc
2993 225
+21 50
+13 139
+15 52
+7 26
+2 91
cfi=(84)
cfn=(418)
calls=13 82 
* 78
+2 26
+27 39
+5 65
+1 2
+2 2
+1 2
-1 2
+1 2
-1 11
+1 11
-1 11
+1 11
+1 13
+9 13
3471 200
3111 12
+25 12
-24 12
-1 12
+1 12
+24 24
3449 36
+1 12
+8 60
+4 24
-2 12
+2 24
-1 12
+1 24
+1 12
-1 12
+1 12
-1 24
+1 12
+2 24
3106 24
+92 12
+8 12
+11 24
-19 72
+19 24
+8 12
-8 12
+8 12
+28 2
-27 72
cfi=(70) /usr/src/debug/glibc-2.12-2-gc4ccff1/malloc/morecore.c
cfn=(356) __default_morecore
calls=12 48 
* 567
+2 12
-2 12
+2 48
+2 24
+1 24
3470 24
3276 24
+2 24
3113 12
3284 12
-6 12
+6 34
+1 55
+2 4
3392 1
-1 1
+1 3
+1 1
+11 2
3287 2
+42 5
+19 1
+7 2
-4 2
+1 2
+3 1
-3 2
+3 2
cfi=(70)
cfn=(356)
calls=1 48 
* 27
+12 4
+5 2
+1 2
+97 2
3277 2

fn=(352) malloc_consolidate
5140 160
+22 40
+1 57
+2 19
+17 19
+2 38
+3 38
+4 38
-4 342
+4 435
+25 48507
-1 48507
+1 443100
+4 214655
+4 214655
-3 214655
+1 214655
+2 214655
+1 17975
+1 17975
+3 17975
+1 17975
+1 17975
-2 17975
+3 17975
-3 17975
+12 17975
-3 17975
+3 17975
-12 196680
+1 196680
+1 196680
-2 196680
+3 196680
-3 196680
+12 196680
-3 196680
+3 196699
-3 19
+3 19
-41 214674
-3 214674
+3 429348
+1 214674
+1 429348
+2 429348
+1 145164
+2 145164
-1 145164
+2 1495851
+3 429348
+3 429310
+4 332296
+26 722
-7 19
+1 19
-1 57
2491 3
+5 3
+5 1
+2 1
-2 1
+2 1
5250 160
2492 1
5136 2
2492 3
-2 2
+2 378
-2 253
+10 3
5216 7

fn=(462) _int_free
4806 315314775
+15 35034975
-15 35034975
+15 70069950
+6 210209850
+17 70069950
+13 70069950
+11 35034931
+1 35034931
-1 70069862
+1 35034931
-1 70069862
2584 105104793
4899 105104793
+1 70069862
+1 35034931
+4 35034931
-4 35034931
+10 245244517
+9 140139724
+2 35034931
+2 210209586
+2 70069862
5119 280279448
4955 88
+2 176
+19 132
+6 44
-10 44
+10 44
+8 132
+7 88
-1 44
+1 88
2584 132
5007 88
+1 16
+2 16
-1 16
+2 166
+3 88
+5 88
+1 169
+1 16
+10 16
+1 16
+1 32
-2 28
+1 28
+1 56
+7 44
-2 44
+1 44
+1 44
+2 16
+1 16
+2 16
+3 16
-2 16
+2 16
+1 16
-1 16
+31 32
-34 28
+3 28
-2 28
+2 28
+1 28
-1 28
+31 56
+1 10
+3 15
4966 352
+57 56
+77 132
+2 176
+17 352
-34 25
-4 4
cfn=(352)
calls=2 +59 
* 1300338
* 2
-61 7
-36 44
-2 44
+2 88
-2 88

fn=(480) calloc
4040 35034984
-13 35034984
+13 35034984
-3 35034984
+3 35034984
-13 210209904
+10 35034984
+3 70069968
+8 70069968
+1 70069968
+15 420419808
+7 35034984
+8 35034984
-7 70069968
+7 70069968
+14 105104952
cfn=(350)
calls=35034984 4281 
* 2093564592
+5 35034984
-5 35034984
+5 35034984
+76 315314856
-58 70069968
+1 140139936
+3 70069968
+7 35034984
-4 35034984
+4 70069968
+11 35034971
-3 35034971
+3 140139884
+10 35034971
+1 70069942
+3 70069942
+7 30702382
-3 30702382
+1 30702382
+1 30702382
+1 30702382
+3 1474419
-2 1474419
+1 1474419
+1 1474419
+3 1091778
-2 1091778
+1 1091778
+1 1091778
+1 1059721
+1 2119442
-38 39
+9 90210
+15 12997767
cfi=(89)
cfn=(482)
calls=4332589 44 
* 117014417
* 4332589

fn=(362) alloc_perturb
2577 804780

fn=(460)
3694 70069976
+1 70069976
+5 70069976
+6 35034988
-3 35034988
+3 70069976
+15 105104925
+2 70069950
cfn=(462)
calls=35034975 4806 
* 2418715395
-14 91
+4 16
+1 8
-1 8
+1 16
-5 10
3562 15
+1 5
+6 30
-7 24
+1 8
+6 48
+10 13
-3 13
+1 13
+2 13
cfi=(84)
cfn=(450) munmap
calls=13 82 
* 65

fn=(350)
4281 315314901
+30 280279912
+4 70069978
+14 70069978
+1 105104793
+1 35034931
+2 35034931
+4 70069862
-6 34820256
+9 69640512
-9 34820256
+9 104460768
+1 34820256
-1 34820256
+1 69640512
+5 174101280
2577 34833794
4493 34833794
2577 69667588
4790 34833819
+4 280279912
4373 429466
+1 214709
+1 214709
-1 214709
+1 214709
-1 214709
+1 429418
+2 644127
+1 13418
+3 6708
+1 13416
+6 6708
+1 6708
+2 6708
-4 6708
+4 13416
+22 188
+1 72
+1 52
cfn=(352)
calls=13 5140 
* 6977294
* 26
4768 13
-2 13
+2 26
-2 13
+2 39
-2 13
+2 130
4457 13
4768 65
4434 13
4768 39
4442 13
4768 13
4457 26
4768 26
4434 13
4768 208012
-2 208012
+2 416024
-2 208012
+2 624036
-2 208012
+2 2080120
4457 208012
4768 1040060
4434 208012
4768 624036
4442 208012
4768 208012
4457 416024
4768 416024
4434 208012
4768 8
4434 4
+67 29773
+1 29773
+1 148865
-1 29773
+1 29773
-1 29773
+1 59546
+45 29773
+4 29773
-3 29773
-1 29773
+7 29773
-5 29773
+1 29773
+1 29773
+3 29773
-7 1073
+4 1073
-3 1073
-1 1073
+7 1073
-5 1073
+1 1073
+1 1073
+3 1073
4434 716625
+3 185466
-2 185466
+1 741864
+8 185466
+10 707450
+34 37676
-5 37676
+1 37676
+4 37676
+12 61692
+6 13212
+1 892
+1 892
+3 1784
-5 1000
+1 125
+1 125
+3 250
+5 841
-3 841
+3 1682
+5 56
-1 56
+1 56
+1 224
+6 743
-2 4584
+6 1570
+6 124
-1 124
+1 124
+1 124
+1 248
+2 1570
-36 1710
+1 43
+1 43
+3 86
-5 91
+1 13
+1 13
+3 26
+34 928
-89 163662
-2 654618
+6 147790
+1 295580
+4 147790
-3 443370
+1 147790
+1 295580
+1 147790
+2 98444
+1 98444
+3 98444
+3 98444
+4 98444
-7 590664
+2 196888
-2 98444
+2 98444
+4 98444
+1 196888
cfn=(362)
calls=98444 2577 
* 393776
-7 49346
+3 49346
+4 49346
-7 296076
+2 98692
-2 49346
+2 49346
+4 49346
+1 98692
cfn=(362)
calls=49346 2577 
* 197384
* 147790
+1 147790
+27 79
+28 1322
+30 160227
+70 53409
+4 53409
-4 53409
+2 53409
-1 53409
+3 53409
-2 53409
+2 53409
-1 53409
-2 53409
+3 53409
-1 53409
-2 106818
+8 276122
+2 370359
+2 373440
+2 7776
+5 1944
-5 3888
+5 3789
+1 1845
+1 1845
-2 3690
+1 64760
+1 64760
-2 187508
+7 30938
+3 61876
+1 7622
+1 7622
+1 7622
-2 22866
+59 7622
4506 28
4742 30093
+1 60186
+2 60186
+17 58
+1 20
cfn=(352)
calls=4 5140 
* 360174
+5 4
-3 16
+3 4
-3 4
4490 6830
-1 6830
+1 13660
+75 96
+3 72
4413 6
4671 23316
+8 69948
-8 23316
+5 46632
+3 192201
+3 46632
+13 15859
+1 31718
-6 15859
+17 15859
-6 15859
+1 15859
+2 15859
-1 15859
+4 15859
+1 15859
+1 31718
+2 1020
+1 1020
+2 1020
+3 1020
-3 6120
+2 2040
-2 1020
+2 2040
-2 14839
+3 14839
-3 89034
+2 29678
-2 14839
+2 29678
4413 170
-76 69640512
4684 7457
-1 7457
+1 14914
+36 23316
+1 69948
cfn=(362)
calls=23316 2577 
* 93264
* 23316
+1 23316
4413 6
-34 4
cfn=(352)
calls=1 5140 
* 670
* 3
+34 96
4788 100
cfn=(354)
calls=25 2993 
* 2687
* 25
+1 100
+1 75
cfn=(362)
calls=25 2577 
* 100
* 25
-41 60128
-2 30064
+2 60128
-1 30064
+1 60128
+2 30064
-2 30064
+2 30064
-2 30064
+5 30064
-5 30064
+2 30064
+4 90192
cfn=(362)
calls=30064 2577 
* 120256
* 30064
+1 30064

fl=(74)
fn=(414)
1225 2
+2 6
cfi=(83)
cfn=(416)
calls=2 37 
* 20

fn=(454)
205 1
+1 1
-1 1
+1 1
+6 2
+1 1
-1 1
cfi=(73)
cfn=(456) _IO_default_finish
calls=1 687 
* 24

fn=(442)
162 1
+2 1
-2 2
+2 1
-2 1
+2 1
+3 5
+6 2
cfi=(73)
cfn=(444) _IO_unsave_markers
calls=1 1118 
* 5
+2 3
cfn=(446) _IO_file_close
calls=1 1252 
* 7
* 1
+4 3
+9 5
cfi=(73)
cfn=(420)
calls=1 404 
* 34
+1 2
+3 1
-3 1
+1 3
+2 1
cfi=(73)
cfn=(440)
calls=1 64 
* 10
+5 1
-4 1
+1 1
+1 1
+2 1
+1 5

fn=(446)
1252 2
cfi=(75)
cfn=(448)
calls=1 82 
* 5

fn=(408) _IO_file_underflow@@GLIBC_2.2.5
537 4
+8 3
+6 3
+3 2
+13 2
+20 2
cfi=(73)
cfn=(422) _IO_switch_to_get_mode
calls=1 188 
* 20
+6 1
+5 4
-5 2
+1 1
+1 3
+3 1
cfn=(424) _IO_file_read
calls=1 1200 
* 13
+2 2
+10 1
-3 1
+3 2
+2 2
+1 4
-56 3
+5 2
cfi=(73)
cfn=(410) _IO_doallocbuf
calls=1 419 
* 90
* 2

fn=(368)
147 3
+5 1
-1 1
-4 1
+4 1
+3 1
cfi=(73)
cfn=(370) _IO_link_in
calls=1 -50 
* 77
+1 1
+1 4

fn=(424)
1200 1
+1 2
+2 1
+1 1
-1 1
cfi=(75)
cfn=(426)
calls=1 82 
* 7

fn=(520) _IO_file_write@@GLIBC_2.2.5
1261 103
+2 103
-2 618
+2 103
-2 103
+2 206
+11 103
-11 206
+2 206
+3 412
cfi=(75)
cfn=(522)
calls=103 82 
* 721
+1 206
+9 309
+3 618
-6 309

fn=(632) _IO_file_setbuf@@GLIBC_2.2.5
445 2
+1 1
cfi=(73)
cfn=(634) _IO_default_setbuf
calls=1 562 
* 63
* 2
+4 1
-1 3
+2 3
+3 3

fn=(636) _IO_file_sync@@GLIBC_2.2.5
891 1
+5 1
-5 1
+5 3
+2 1
+1 2
+17 2
+4 2

fn=(372)
257 9
+11 2
415 7
270 3
+25 1
-10 1
+10 1
-10 1
+10 7
-7 2
+7 1
-25 4
+65 1
227 2
+4 3
cfi=(75)
cfn=(374)
calls=1 82 
* 7
* 1
+4 2
+3 1
-1 1
+1 2
+1 2
-1 1
+1 1
+7 2
cfi=(73)
cfn=(370)
calls=1 104 
* 11
+97 3
cfi=(76) /usr/src/debug/glibc-2.12-2-gc4ccff1/string/../string/strstr.c
cfn=(378) __GI_strstr
calls=1 53 
* 27
* 1
+1 3
-56 2

fn=(514) _IO_file_overflow@@GLIBC_2.2.5
829 12000
+1 2400
-1 2400
+1 4800
+7 14396
+35 4800
+3 4800
+3 2400
+1 2400
-1 4800
+1 9600
+5 2400
+1 12000
-45 2
+12 3
+9 2
+4 1
+4 1
-1 1
-5 1
+1 1
+4 1
-3 1
+1 1
+3 1
-3 2
+3 3
+1 3
+9 309
+3 103
-1 309
cfn=(518) _IO_do_write@@GLIBC_2.2.5
calls=103 493 
* 9373
* 206
-39 2
cfi=(73)
cfn=(410)
calls=1 419 
* 101
+1 6

fn=(518)
493 618
+1 103
-1 206
+1 206
+2 618
+11 309
+7 412
+8 515
cfn=(520)
calls=103 1261 
* 4326
+1 103
-1 103
+1 206
+5 103
-2 103
+2 103
-2 309
+1 206
+1 103
-34 103
+34 103
-34 103
+29 206
+5 206

fl=(45)
fn=(212)
27 2
+1 4
+4 4
+14 2
+4 4

fl=(72) /usr/src/debug/glibc-2.12-2-gc4ccff1/misc/../sysdeps/unix/sysv/linux/x86_64/brk.c
fn=(360) brk
29 13
+3 78
+2 39
+7 26

fl=(59)
fn=(320)
34 1
+2 1
cfi=(60) /usr/src/debug////////glibc-2.12-2-gc4ccff1/setjmp/../sysdeps/x86_64/setjmp.S
cfn=(322) __sigsetjmp
calls=1 -10 
* 27

fl=(84)
fn=(450)
82 56
+1 14

fn=(418)
82 75
+1 15

fl=(60)
fn=(322)
26 1
+2 1
+1 2
+1 1
+4 1
+1 1
+1 1
+1 1
+1 1
+2 2
+2 1
+1 1
+2 2
+2 1
+9 1
cfi=(61)
cfn=(324)
calls=1 -26 
* 9

fl=(95) /usr/src/debug/glibc-2.12-2-gc4ccff1/nptl/../nptl/sysdeps/unix/sysv/linux/unregister-atfork.c
fn=(572) __unregister_atfork
37 3
-8 9
+11 6
+1 12
+5 3
-6 6
+82 6

fl=(68)
fn=(346)
127 9
+5 1
-5 2
+5 2
cob=(1)
cfi=(2)
cfn=(42)
calls=1 836 
* 2
+3 5
+1 4
+1 18
31 2
+1 2
+3 3
+5 1
+6 1
-6 1
+1 3
+2 3
+3 1
+5 3
+74 1
-74 1
+74 4
-72 1
+19 1
-18 2
-1 1010
+19 1010
-18 2020
+2 3600
+14 1257
+2 3771
-10 2514
+1 1257
-1 4314
+1 900
-1 1800
+2 4314
-2 4314
+3 6462
-3 5538
+3 615
-3 1278
+3 16
-3 32
+3 599
-3 3355
+10 5325
-21 4042
+85 12
-36 2
+1 2
+1 2
+3 2
+41 2
cob=(1)
cfi=(2)
cfn=(44)
calls=1 842 
* 2
+3 9
-32 1
+1 3

fl=(50)
fn=(224) handle_intel
307 4
+9 2
-9 16
+8 2
+1 4
+8 4
+5 2
-5 4
+5 2
+7 10
cfn=(226) intel_check_word
calls=2 163 
* 1564
+1 4
+3 10
cfn=(226)
calls=2 163 
* 194
+1 4
-10 2
+1 2
-1 4
+27 16

fn=(226)
163 44
+1 8
+8 4
-2 32
+14 20
+53 16
+36 40
-1 8
+1 8
cfi=(51)
cfn=(228)
calls=8 27 
* 1350
+2 16
+22 8
172 16
+2 10
+2 20
-4 2
302 32
196 10
+5 15
-5 2
+11 10
+23 3
-34 15
+5 6
+4 8
+2 10
+8 2
+2 4
+2 28
-12 3
-6 1
-5 1
+9 2
+2 4

fn=(222)
538 4
+13 3
+7 2
747 5
560 3
cfn=(224)
calls=1 307 
* 900
+4 2
-4 1
+4 1
cfn=(224)
calls=1 307 
* 950
+2 1
-2 1
+2 2
+29 1
-18 1
+18 3
+7 6
+6 2
-6 12
+6 6
+3 20
+2 1
+6 6
+7 1
-7 1
+38 2
+75 2
+3 2
+1 1
+1 1
-1 2
+4 2
+3 2
+1 1
+1 1
-1 3
-86 7
-1 3
-31 8
+2 2
+2 8
+2 4
+5 1
+2 2
+1 1
-1 1
+1 4
+1 1

fn=(230)
152 216
+3 108
+1 54

fl=(58)
fn=(292) __new_exitfn
73 1
+6 1
-6 1
+6 5
+2 5
+2 3
-2 1
+10 1
-10 3
+45 1
+1 1
+3 4
+3 3
-35 2
+14 1
+1 2

fn=(290)
57 2
-22 1
+22 5
-22 1
cfn=(292)
calls=1 +38 
* 35
+2 3
+4 2
+3 1
-1 1
+2 1
+2 2
+12 6

fl=(94)
fn=(570)
31 6
+18 3
-18 3
+18 3
-18 15
+4 12
+4 18
-4 9
+32 12
+4 18
-4 9
+12 6
+3 3
-2 3
+2 18
-2 3
cfi=(95)
cfn=(572)
calls=3 -43 
* 45

fl=(41) /usr/src/debug/glibc-2.12-2-gc4ccff1/csu/../sysdeps/x86_64/multiarch/init-arch.c
fn=(166) __init_cpu_features
53 1
-8 1
+8 1
+3 1
-3 1
+3 3
+70 1
+1 1
+2 1
+1 2
-74 2
+9 1
-33 3
+6 1
-6 1
+6 1
-6 1
+7 1
+30 1
-30 1
-7 1
+37 1
-31 1
+27 2
-26 1
+30 1
+1 1
-38 1
+32 1
+6 1
+5 2
+3 1
+1 2
+11 2
+12 4
-23 9

fl=(71) /usr/src/debug/glibc-2.12-2-gc4ccff1/misc/sbrk.c
fn=(358) sbrk
35 65
+8 88
+4 26
+4 48
+3 12
cfi=(72)
cfn=(360)
calls=12 -25 
* 144
-3 24
+7 78
-14 2
cfi=(72)
cfn=(360)
calls=1 -15 
* 12
* 4

fl=(70)
fn=(356)
48 13
+1 13
cfi=(71)
cfn=(358)
calls=13 -14 
* 503
+1 39
+3 26

fl=(79) /usr/src/debug/glibc-2.12-2-gc4ccff1/io/../sysdeps/unix/sysv/linux/wordsize-64/xstat.c
fn=(390) _xstat
37 1
-1 1
+1 1
+1 6
+4 1

fl=(40)
fn=(168)
124 1
+1 1
+3 1
+1 1
+1 1
+5 1

fn=(164)
106 1
+1 1
+1 1
cfi=(41)
cfn=(166)
calls=1 -55 
* 57
+2 1
+1 1
+1 1
+5 1

fl=(76)
fn=(378)
53 9
+10 3
+2 2
fi=(77) /usr/src/debug/glibc-2.12-2-gc4ccff1/string/../string/str-two-way.h
273 1
fe=(76)
89 9
-26 3

fl=(73)
fn=(512)
246 7200
+1 1
+1 3
cfi=(74)
cfn=(514)
calls=1 829 
* 162
* 7197
cfi=(74)
cfn=(514)
calls=2399 829 
* 89467

fn=(444)
1118 2
+19 2
+1 1

fn=(628)
1007 1
+3 1
-3 4
+3 1
cfn=(630) _IO_flush_all_lockp
calls=1 823 
* 77
-59 1
+59 1
-59 2
+11 2
-9 12
+1 2
-1 7
+9 13
+7 5
+10 5
cfi=(74)
cfn=(632)
calls=1 445 
* 78
+2 2
+6 3
-36 9
+71 7
-51 1
+4 1
-4 1
+2 1
+2 1
-2 1
+3 1
-2 1
+2 3
+6 12

fn=(410)
419 2
+1 2
-1 2
+1 2
+6 4
-4 4
+1 6
cfi=(82)
cfn=(412)
calls=2 88 
* 165
* 4

fn=(630)
823 2
+6 1
-6 6
+6 2
+6 1
-1 1
+2 2
-2 1
+2 3
+33 2
+4 9
-37 8
+6 2
-4 2
+4 5
-4 1
+4 2
+14 3
-2 3
+2 3
+7 6
-21 12

fn=(404)
368 1
+2 1
-2 1
+2 3
+6 3
+3 4
+2 3
+6 2
+5 2
+2 2
+1 1
-1 2
cfn=(406) _IO_default_uflow
calls=1 +46 
* 182

fn=(406)
440 1
-1 2
+1 1
cfi=(74)
cfn=(408)
calls=1 +97 
* 170
+1 2
+2 4
+1 2

fn=(440)
64 12
+1 6
+4 6
+1 11
+1 1
+1 15
+2 3
+2 2
+14 1
+2 8
+2 1
-1 1
+1 9
+1 2
+3 12
-6 6
-14 1
+2 1
-2 2

fn=(634)
562 5
+1 1
-1 2
+1 1
cfi=(74)
cfn=(636)
calls=1 891 
* 13
* 2
+2 2
+2 1
+1 5
cfn=(420)
calls=1 404 
* 19
+7 3
+1 3
+2 6

fn=(370)
104 8
+1 6
+4 1
-2 2
+2 5
+1 11
+1 1
+1 15
+4 1
+2 1
-4 1
+1 1
-1 1
+4 7
+2 1
-1 1
+1 9
+1 2
+3 8
-6 6

fn=(422)
188 2
-1 2
+1 1
+3 3
+5 1
-1 2
+1 1
+7 1
-4 1
+2 3
+2 1
+2 2

fn=(364)
648 9
+1 1
cfn=(366) _IO_old_init
calls=1 -13 
* 24
+3 1
-2 1
+2 1
+2 1
+1 1
+1 1
+1 1
+1 1
+1 1
+1 1
+1 1
+1 1
+1 1
+1 1
+1 1
+2 1
+3 1
+1 6

fn=(366)
636 1
-21 1
+1 1
-1 1
+2 1
+1 1
+1 1
+17 1
-16 1
+1 1
+1 1
+1 1
+1 1
+1 1
+2 1
+1 1
+1 1
+1 1
+1 1
+5 1
+1 4

fn=(420)
404 16
+1 4
-1 4
+1 12
+4 4
-2 4
+1 4
+1 4
+3 2
+1 8
-3 2
+3 8
-7 7
cfi=(84)
cfn=(450)
calls=1 82 
* 5
* 3

fn=(456)
687 2
+2 3
+6 3
+3 3
+6 1
+6 1
-6 1
cfn=(440)
calls=1 64 
* 10

ob=(7)
fl=(54)
fn=(294)
0 15
cob=(2)
cfi=(12)
cfn=(296) 0x0000000000400948
calls=1 0 
0 39
0 10

fn=(304) 0x0000000000400ba0
0 15

fn=(314) 0x0000000000401430
0 12

fn=(548) 0x0000000000400ac0
0 8

fn=(542) 0x0000000000400b30
0 14
cfn=(548)
calls=1 0 
0 8
0 5

fn=(274)
0 11
cob=(3)
cfi=(57)
cfn=(288)
calls=1 96 
0 61005575602
cob=(1)
cfi=(55)
cfn=(282)
calls=1 30 
0 1756
0 5

fn=(298) 0x0000000000400a9c
0 6

fl=(62)
fn=(326)
65 7
+1 2
+2 1
+2 3
cob=(3)
cfi=(63)
cfn=(332)
calls=1 +37 
* 61334
cob=(1)
cfi=(55)
cfn=(282)
calls=1 -40 
* 1403
* 5
* 3
fi=(78) /usr/include/sys/stat.h
457 4
cob=(3)
cfi=(79)
cfn=(390)
calls=1 37 
* 10
cob=(1)
cfi=(55)
cfn=(282)
calls=1 30 
* 1507
* 5
fe=(62)
80 5
-60 1
+2 2
cob=(3)
cfi=(64)
cfn=(338)
calls=1 3646 
* 197
cob=(1)
cfi=(55)
cfn=(282)
calls=1 +8 
* 1458
* 5
* 1
+1 3
cob=(3)
cfi=(64)
cfn=(338)
calls=1 3646 
* 195
* 1
* 1
fi=(80) /h/dmeyer04/profiling/uint_stack.h
* 2
cob=(3)
cfi=(64)
cfn=(338)
calls=1 3646 
* 204
* 1
* 1
+1 1
+1 2
cob=(3)
cfi=(64)
cfn=(338)
calls=1 3646 
* 197
* 1
* 1
+1 1
+1 1
fe=(62)
-1 1
+1 1
+1 1
+1 1
+5 7
+3 91368
cob=(3)
cfi=(81)
cfn=(402)
calls=45684 * 
* 1781884
cob=(1)
cfi=(55)
cfn=(282)
calls=1 -7 
* 1381
* 45688
* 45684
fi=(86) /h/dmeyer04/profiling/bitpack_inline.h
-24 91368
+2 102789
-6 68526
-1 11421
-1 91368
+2 102789
+6 68526
-1 11421
+16 22842
-1 11421
-1 34263
fe=(62)
+8 22842
fi=(86)
-6 68526
-1 34263
-1 102789
fe=(62)
+8 68526
+5 22842
-7 22842
+31 45684
-21 2
cob=(3)
cfi=(87)
cfn=(438)
calls=1 -1 
* 397
cob=(1)
cfi=(55)
cfn=(282)
calls=1 -14 
* 1489
* 5
+1 2
+1 1
+46 7
fi=(86)
-77 2
fe=(62)
+78 2
cfi=(86)
cfn=(464) LOADV
calls=1 -84 
* 7
-1 14794482920
fi=(86)
-77 4226995120
fe=(62)
+78 4226995120
cfi=(88) /h/dmeyer04/profiling/um_methods.h
cfn=(526) HALT
calls=1 +12 
* 471975372
cfi=(88)
cfn=(502) OUTPUT
calls=2400 +88 
* 232738
cfi=(88)
cfn=(498) UNMAP
calls=35024451 +74 
* 3957763083
cfi=(86)
cfn=(492) DIV
calls=4644271 -84 
* 65019794
cfi=(86)
cfn=(490) MULT
calls=2598390 -84 
* 33779070
cfi=(86)
cfn=(488) NAND
calls=105890205 -84 
* 1482462870
cfi=(88)
cfn=(484) CMOV
calls=67606985 -52 
* 882368425
cfi=(88)
cfn=(474) MAP
calls=35034963 +46 
* 6549316808
cfi=(86)
cfn=(472) SLOAD
calls=483706356 -84 
* 7739301696
cfi=(86)
cfn=(470) ADD
calls=79045833 -84 
* 1027595829
cfi=(88)
cfn=(468) SSTORE
calls=402552662 -52 
* 6440842592
cfi=(86)
cfn=(464)
calls=808869849 -84 
* 5662088943
cfi=(88)
cfn=(466) LOADP
calls=88521194 -52 
* 1327817911
* 2113497560

fl=(86)
fn=(488)
9 211780410
+6 105890205
fi=(88)
+24 105890205
+2 211780410
fe=(86)
-32 105890205
+6 105890205
fi=(88)
+25 105890205
+60 529451025
fe=(86)

fn=(470)
9 158091666
+6 79045833
fi=(88)
+24 79045833
+2 158091666
fe=(86)
-32 79045833
+6 79045833
fi=(88)
+25 79045833
+36 316183332
fe=(86)

fn=(490)
9 5196780
+6 2598390
fi=(88)
+24 2598390
+2 5196780
fe=(86)
-32 2598390
+6 2598390
fi=(88)
+25 2598390
+44 10393560
fe=(86)

fn=(492)
9 9288542
+6 4644271
fi=(88)
+24 4644271
fe=(86)
-30 9288542
+6 4644271
fi=(88)
+25 4644271
+1 4644271
+51 23221355
fe=(86)

fn=(472)
9 967412712
+6 483706356
fi=(88)
+25 483706356
+20 483706356
-19 967412712
+19 1934825424
fe=(86)
-51 483706356
+6 483706356
fi=(88)
+24 483706356
+21 967412712
fe=(86)

fn=(464)
9 1617739700
+6 808869850
fi=(88)
232 808869850
fe=(86)
15 2426609550

fl=(88)
fn=(474)
139 175174815
fi=(86)
9 70069926
+6 35034963
fe=(88)
+25 35034963
+1 35034963
142 105104889
cob=(3)
cfi=(64)
cfn=(480)
calls=35034963 4040 
* 4979856285
cob=(1)
cfi=(55)
cfn=(282)
calls=1 30 
* 1497
* 35034967
* 35034963
+1 35034963
fi=(80)
-79 35034963
fe=(88)
+79 70069926
+5 105104889
-23 84
cob=(3)
cfi=(64)
cfn=(480)
calls=21 4040 
* 7687863
* 21
+2 42
+1 105
-1 42
+1 201326433
-1 134217622
+2 21
+1 21
+1 21
+1 21
cob=(3)
cfi=(64)
cfn=(460)
calls=21 3694 
* 1592
cob=(1)
cfi=(55)
cfn=(282)
calls=1 30 
* 1404
* 25
+25 105104889
+1 35034963
+1 70069926
+2 35034963
+1 210209778

fn=(502)
181 2400
41 2400
184 2400
+1 4800
fi=(90) /usr/include/bits/stdio.h
82 7200
cob=(3)
cfi=(91)
cfn=(510)
calls=2400 -53 
* 204830
cob=(1)
cfi=(55)
cfn=(282)
calls=1 -52 
* 1504
* 2404
fe=(88)
187 4800

fn=(526)
105 3
+3 1
+1 1
+1 2
+2 3
+1 268435452
+1 10512
cob=(3)
cfi=(64)
cfn=(460)
calls=10512 3694 
* 1700449
* 10512
-2 201326589
+4 1
fi=(80)
-58 2
cob=(3)
cfi=(64)
cfn=(460)
calls=1 3694 
* 484265
* 1
+1 2
cob=(3)
cfi=(64)
cfn=(460)
calls=1 3694 
* 84
* 1
fe=(88)
+58 2
cob=(3)
cfi=(64)
cfn=(460)
calls=1 3694 
* 38
* 1
+1 2
cob=(3)
cfi=(92)
cfn=(534)
calls=1 -19 
* 5933
cob=(1)
cfi=(55)
cfn=(282)
calls=1 -88 
* 1511
* 5

fn=(498)
167 105073353
41 35024451
170 35024451
+3 140097804
+1 35024451
+1 35024451
fi=(80)
33 105073353
+11 105073353
+1 175122255
fe=(88)
176 70048902
cob=(3)
cfi=(64)
cfn=(460)
calls=35024451 3694 
* 2942054004
* 35024451
+1 140097804

fn=(484)
41 135213970
+10 135213970
fi=(86)
-42 120963000
+6 60481500
fe=(88)
+25 60481500
+12 60481500
fi=(86)
-43 60481500
+6 60481500
fe=(88)
+24 60481500
+13 128088485

fn=(466)
41 177042388
fi=(86)
-32 88521194
+6 88521194
fe=(88)
+25 88521194
216 88521194
+1 354084776
+3 177042388
+3 1
+3 265563582

fn=(468)
41 805105324
+27 402552662
fi=(86)
-59 805105324
+6 402552662
fe=(88)
+24 402552662
+29 402552662
fi=(86)
-59 402552662
+6 402552662
fe=(88)
+25 402552662
+28 2012763310

ob=(6) /usr/lib64/libnetpbm.so.10.47
fl=(53) ???
fn=(260) 0x0000003aaae0b4d0
0 6

fn=(254) 0x0000003aaae0b430
0 6

fn=(266) 0x0000003aaae21bf0
0 11

fn=(588) 0x0000003aaae0b450
0 10
cob=(3)
cfi=(94)
cfn=(570)
calls=1 31 
0 62
cob=(1)
cfi=(55)
cfn=(282)
calls=1 30 
0 1602
0 5
0 13

ob=(4) /usr/sup/valgrind-3.10.1/lib/valgrind/vgpreload_core-amd64-linux.so
fl=(43) ???
fn=(194) 0x00000000000005f0
0 16

fn=(188) 0x00000000000004e0
0 6

fn=(558) 0x0000000000000570
0 10
cob=(3)
cfi=(94)
cfn=(570)
calls=1 31 
0 62
cob=(1)
cfi=(55)
cfn=(282)
calls=1 30 
0 1256
0 5
0 9
cfn=(578) 0x0000000000000500
calls=1 0 
0 9
0 5

fn=(578)
0 9

fn=(204) 0x0000000000000760
0 12

ob=(2)
fl=(12)
fn=(586)
0 2
cob=(6)
cfi=(53)
cfn=(588)
calls=1 0 
0 1692
0 2

fn=(186)
0 2
cob=(4)
cfi=(43)
cfn=(188)
calls=1 0 
0 6
0 1
cob=(4)
cfi=(43)
cfn=(194)
calls=1 0 
0 16
0 1
cob=(4)
cfi=(43)
cfn=(204)
calls=1 0 
0 12
0 2

fn=(232)
0 2
cob=(5)
cfi=(52)
cfn=(234)
calls=1 0 
0 6
0 1
cob=(5)
cfi=(52)
cfn=(240)
calls=1 0 
0 6
0 1
cob=(5)
cfi=(52)
cfn=(246)
calls=1 0 
0 11
0 2

fn=(606)
0 2
cob=(5)
cfi=(52)
cfn=(608)
calls=1 0 
0 1692
0 2

fn=(252)
0 2
cob=(6)
cfi=(53)
cfn=(254)
calls=1 0 
0 6
0 1
cob=(6)
cfi=(53)
cfn=(260)
calls=1 0 
0 6
0 1
cob=(6)
cfi=(53)
cfn=(266)
calls=1 0 
0 11
0 2

fn=(296)
0 2
cob=(7)
cfi=(54)
cfn=(298)
calls=1 0 
0 6
0 1
cob=(7)
cfi=(54)
cfn=(304)
calls=1 0 
0 15
0 1
cob=(7)
cfi=(54)
cfn=(314)
calls=1 0 
0 12
0 2

fn=(556)
0 2
cob=(4)
cfi=(43)
cfn=(558)
calls=1 0 
0 1356
0 2

fn=(540)
0 2
cob=(7)
cfi=(54)
cfn=(542)
calls=1 0 
0 27
0 2

totals: 61005912941
