version: 1
creator: callgrind-3.10.1
pid: 39674
cmd:  ./um midmark.um
part: 1


desc: I1 cache: 
desc: D1 cache: 
desc: LL cache: 

desc: Timerange: Basic block 0 - 112942049
desc: Trigger: Program termination

positions: line
events: Ir
summary: 792017980


ob=(5) /lib64/libm-2.12.so
fl=(52) ???
fn=(240) 0x0000003c06603f10
0 6

fn=(234) 0x0000003c06603e70
0 6

fn=(246) 0x0000003c06643f80
0 11

ob=(3) /lib64/libc-2.12.so
fl=(60) /usr/src/debug////////glibc-2.12-2-gc4ccff1/setjmp/../sysdeps/x86_64/setjmp.S
fn=(322) __sigsetjmp
26 1
+2 1
+1 2
+1 1
+4 1
+1 1
+1 1
+1 1
+1 1
+2 2
+2 1
+1 1
+2 2
+2 1
+9 1
cfi=(61) /usr/src/debug/glibc-2.12-2-gc4ccff1/setjmp/sigjmp.c
cfn=(324) __sigjmp_save
calls=1 -26 
* 9

fl=(65) /usr/src/debug/glibc-2.12-2-gc4ccff1/malloc/hooks.c
fn=(340) malloc_hook_ini
36 1
-1 2
+1 1
+1 1
cfi=(66) /usr/src/debug/glibc-2.12-2-gc4ccff1/malloc/arena.c
cfn=(342) ptmalloc_init
calls=1 470 
* 59820
+1 1
+1 1
-1 1
cfi=(64) /usr/src/debug/glibc-2.12-2-gc4ccff1/malloc/malloc.c
cfn=(339) malloc'2
calls=1 3646 
* 1096

fl=(69) /usr/src/debug/glibc-2.12-2-gc4ccff1/nptl/../nptl/sysdeps/unix/sysv/linux/register-atfork.c
fn=(348) __linkin_atfork
117 1
+2 4
-1 3
+2 1

fl=(82) /usr/src/debug/glibc-2.12-2-gc4ccff1/libio/filedoalloc.c
fn=(412) _IO_file_doallocate
88 8
+15 12
cfi=(74) /usr/src/debug/glibc-2.12-2-gc4ccff1/libio/fileops.c
cfn=(414) _IO_file_stat
calls=2 1225 
* 28
* 4
+2 8
+11 3
+1 6
+3 12
cfi=(84) /usr/src/debug////////glibc-2.12-2-gc4ccff1/misc/../sysdeps/unix/syscall-template.S
cfn=(418) mmap
calls=2 -38 
* 12
* 6
+1 8
cfi=(73) /usr/src/debug/glibc-2.12-2-gc4ccff1/libio/genops.c
cfn=(420) _IO_setb
calls=2 404 
* 34
* 2
+2 8
-13 1
fi=(92) /usr/src/debug/glibc-2.12-2-gc4ccff1/libio/../sysdeps/unix/sysv/linux/sys/sysmacros.h
-65 6
fe=(82)
+65 1
-2 2
+8 1
-3 1
+3 2

fl=(51) /usr/src/debug/glibc-2.12-2-gc4ccff1/stdlib/bsearch.c
fn=(228) bsearch
27 104
+7 162
+2 54
+2 54
-2 54
+1 216
+1 108
cfi=(50) /usr/src/debug/glibc-2.12-2-gc4ccff1/string/../sysdeps/x86_64/cacheinfo.c
cfn=(230) intel_02_known_compare
calls=54 152 
* 378
+1 108
+2 8
+1 8
-8 24
+14 72

fl=(44) /usr/src/debug/glibc-2.12-2-gc4ccff1/csu/../sysdeps/unix/sysv/linux/init-first.c
fn=(210) _init
52 6
+6 1
-6 2
+6 2
+17 1
fi=(46) /usr/src/debug/glibc-2.12-2-gc4ccff1/csu/../sysdeps/unix/sysv/linux/x86_64/init-first.c
-40 2
fe=(44)
+38 1
+1 1
fi=(46)
-41 2
fe=(44)
+42 1
fi=(46)
-42 3
+2 1
cfi=(45) /usr/src/debug/glibc-2.12-2-gc4ccff1/elf/../sysdeps/unix/sysv/linux/dl-vdso.c
cfn=(212) _dl_vdso_vsym
calls=1 -8 
* 8
+8 1
-5 2
+5 1
-5 1
+2 2
+1 1
+2 1
cfi=(45)
cfn=(212)
calls=1 -16 
* 8
fe=(44)
+46 3
fi=(46)
-45 2
+1 1
fe=(44)
+44 1
cfi=(47) /usr/src/debug/glibc-2.12-2-gc4ccff1/misc/init-misc.c
cfn=(216) __init_misc
calls=1 -58 
* 58
+8 1
cfi=(49) /usr/src/debug/glibc-2.12-2-gc4ccff1/elf/soinit.c
cfn=(220) __libc_global_ctors
calls=1 -78 
* 2009
+2 6
-32 1
-9 1
+9 4

fl=(47)
fn=(216)
31 3
+1 1
-1 1
+1 4
+2 3
cfi=(48) /usr/src/debug////////glibc-2.12-2-gc4ccff1/string/../sysdeps/x86_64/strrchr.S
cfn=(218) __GI_strrchr
calls=1 -8 
* 34
+1 2
+3 3
+1 3
+2 4

fl=(67) /usr/src/debug/glibc-2.12-2-gc4ccff1/misc/../sysdeps/unix/sysv/linux/getpagesize.c
fn=(344) getpagesize
35 5
+16 1

fl=(58) /usr/src/debug/glibc-2.12-2-gc4ccff1/stdlib/cxa_atexit.c
fn=(292) __new_exitfn
73 1
+6 1
-6 1
+6 5
+2 5
+2 3
-2 1
+10 1
-10 3
+45 1
+1 1
+3 4
+3 3
-35 2
+14 1
+1 2

fn=(290) __cxa_atexit
57 2
-22 1
+22 5
-22 1
cfn=(292)
calls=1 +38 
* 35
+2 3
+4 2
+3 1
-1 1
+2 1
+2 2
+12 6

fl=(45)
fn=(212)
27 2
+1 4
+4 4
+14 2
+4 4

fl=(84)
fn=(418)
82 40
+1 8

fn=(450) munmap
82 24
+1 6

fl=(63) /usr/src/debug/glibc-2.12-2-gc4ccff1/libio/../libio/iofopen.c
fn=(382) __fopen_maybe_mmap
45 1
-2 1
+2 1
+15 1

fn=(334) __fopen_internal
68 7
+8 1
-8 1
+8 1
cfi=(64)
cfn=(338) malloc
calls=1 3646 
* 60939
* 1
+2 1
-2 1
+2 1
+3 1
+3 5
-3 1
+3 1
cfi=(73)
cfn=(364) _IO_no_init
calls=1 648 
* 57
+4 1
+1 1
-1 1
+1 1
cfi=(74)
cfn=(368) _IO_file_init@@GLIBC_2.2.5
calls=1 +58 
* 90
+4 5
cfi=(74)
cfn=(372) _IO_file_fopen@@GLIBC_2.2.5
calls=1 257 
* 112
* 2
+2 1
+5 5
-5 1
cfn=(382)
calls=1 -50 
* 4

fn=(332) fopen@@GLIBC_2.2.5
107 2
cfn=(334)
calls=1 -39 
* 61242

fl=(66)
fn=(342)
470 6
+8 3
634 7
479 1
-66 1
+2 1
+1 1
+1 1
+1 1
cfi=(67)
cfn=(344)
calls=1 35 
* 6
522 1
418 1
+96 1
-93 1
+1 1
+91 1
+1 1
+8 1
+8 2
+1 1
-3 1
+3 1
-1 1
+1 10
cfi=(69)
cfn=(348)
calls=1 117 
* 9
+11 2
+2 5
+16 2
385 86
+16 43
-18 132
625 2
+5 2
+1 2
+2 2
524 5
cfi=(68) /usr/src/debug/glibc-2.12-2-gc4ccff1/elf/dl-addr.c
cfn=(346) _dl_addr
calls=1 127 
* 59453
-2 2
+2 1
-2 2
385 18

fl=(75) /usr/src/debug////////glibc-2.12-2-gc4ccff1/io/../sysdeps/unix/syscall-template.S
fn=(426) read
82 4
cfn=(428) __read_nocancel
calls=2 * 
* 10

fn=(448) __close_nocancel
82 5

fn=(374) open
82 2
cfn=(376) __open_nocancel
calls=1 * 
* 5

fn=(522) write
82 6
cfn=(524) __write_nocancel
calls=3 * 
* 15

fn=(428)
82 10

fn=(376)
82 5

fn=(524)
82 15

fl=(87) /usr/src/debug/glibc-2.12-2-gc4ccff1/libio/iofclose.c
fn=(438) fclose@@GLIBC_2.2.5
43 3
+14 1
-14 1
+14 2
+3 16
+1 2
fi=(85) /usr/src/debug/glibc-2.12-2-gc4ccff1/libio/libioP.h
968 2
+1 6
fe=(87)
66 4
cfi=(74)
cfn=(454) _IO_file_finish@@GLIBC_2.2.5
calls=1 205 
* 32
+1 3
+18 6
+2 1
+1 2
cfi=(64)
cfn=(460) free
calls=1 3694 
* 114
* 1
+4 5
-10 2
-20 2
cfi=(74)
cfn=(442) _IO_file_close_it@@GLIBC_2.2.5
calls=1 162 
* 100
* 3
-4 1
cfi=(73)
cfn=(440) _IO_un_link
calls=1 +6 
* 80
* 2
fi=(85)
969 6
fe=(87)

fl=(64)
fn=(362) alloc_perturb
2577 278764

fn=(460)
3694 885010
+1 885010
+5 885010
+6 442505
-3 442505
+3 885010
+15 1327500
+2 885000
cfn=(462) _int_free
calls=442500 4806 
* 30532988
-14 35
+4 10
+1 5
-1 5
+1 10
3562 15
+1 5
+6 30
+10 5
-3 5
+1 5
+2 5
cfi=(84)
cfn=(450)
calls=5 82 
* 25

fn=(350) _int_malloc
4281 4046733
+30 3597096
+4 899274
+14 899274
+1 1348791
+1 449597
+2 449597
+4 899194
-6 378136
+9 756272
-9 378136
+9 1134408
+1 378136
-1 378136
+1 756272
+5 1890680
2577 379946
4493 379946
2577 759892
4790 379960
+4 3597096
4373 143002
+1 71487
+1 71487
-1 71487
+1 71487
-1 71487
+1 142974
+2 214461
+1 1316
+3 657
+1 1314
+6 657
+1 657
+2 657
-4 657
+4 1314
+22 108
+1 42
+1 28
cfn=(352) malloc_consolidate
calls=7 5140 
* 2071129
* 14
4768 7
-2 7
+2 14
-2 7
+2 21
-2 7
+2 70
4457 7
4768 35
4434 7
4768 21
4442 7
4768 7
4457 14
4768 14
4434 7
4768 70837
-2 70837
+2 141674
-2 70837
+2 212511
-2 70837
+2 708370
4457 70837
4768 354185
4434 70837
4768 212511
4442 70837
4768 70837
4457 141674
4768 141674
4434 70837
+67 3768
+1 3768
+1 18840
-1 3768
+1 3768
-1 3768
+1 7536
+45 3768
+4 3768
-3 3768
-1 3768
+7 3768
-5 3768
+1 3768
+1 3768
+3 3768
-7 257
+4 257
-3 257
-1 257
+7 257
-5 257
+1 257
+1 257
+3 257
4434 224607
+3 53437
-2 53437
+1 213748
+8 53437
+10 207752
+34 5178
-5 5178
+1 5178
+4 5178
+12 8050
+6 3078
+1 205
+1 205
+3 410
-5 200
+1 25
+1 25
+3 50
+5 191
-3 191
+3 382
+5 5
-1 5
+1 5
+1 20
+6 62
-2 744
+6 372
+6 20
-1 20
+1 20
+1 20
+1 40
+2 372
-36 508
+1 13
+1 13
+3 26
-5 98
+1 14
+1 14
+3 28
+34 264
-89 50437
-2 201724
+6 48259
+1 96518
+4 48259
-3 144777
+1 48259
+1 96518
+1 48259
+2 39877
+1 39877
+3 39877
+3 39877
+4 39877
-7 239262
+2 79754
-2 39877
+2 39877
+4 39877
+1 79754
cfn=(362)
calls=39877 2577 
* 159508
-7 8382
+3 8382
+4 8382
-7 50292
+2 16764
-2 8382
+2 8382
+4 8382
+1 16764
cfn=(362)
calls=8382 2577 
* 33528
* 48259
+1 48259
+27 92
+28 332
+30 64296
+70 21432
+4 21432
-4 21432
+2 21432
-1 21432
+3 21432
-2 21432
+2 21432
-1 21432
-2 21432
+3 21432
-1 21432
-2 42864
+8 107450
+2 218601
+2 219196
+2 1404
+5 351
-5 702
+5 690
+1 339
+1 339
-2 678
+1 7546
+1 7546
-2 22774
+7 4192
+3 8384
+1 828
+1 828
+1 828
-2 2484
+59 828
4506 14
4742 18068
+1 36136
+2 36136
+17 28
4490 1153
-1 1153
+1 2306
+75 56
+3 42
4413 6
4671 3364
+8 10092
-8 3364
+5 6728
+3 28229
+3 6728
+13 2167
+1 4334
-6 2167
+17 2167
-6 2167
+1 2167
+2 2167
-1 2167
+4 2167
+1 2167
+1 4334
+2 252
+1 252
+2 252
+3 252
-3 1512
+2 504
-2 252
+2 504
-2 1915
+3 1915
-3 11490
+2 3830
-2 1915
+2 3830
4413 81
-76 756272
4684 1197
-1 1197
+1 2394
+36 3364
+1 10092
cfn=(362)
calls=3364 2577 
* 13456
* 3364
+1 3364
4413 6
-34 4
cfn=(352)
calls=1 5140 
* 670
* 3
+34 40
4788 56
cfn=(354) sYSMALLOc
calls=14 2993 
* 1656
* 14
+1 56
+1 42
cfn=(362)
calls=14 2577 
* 56
* 14
-41 36108
-2 18054
+2 36108
-1 18054
+1 36108
+2 18054
-2 18054
+2 18054
-2 18054
+5 18054
-5 18054
+2 18054
+4 54162
cfn=(362)
calls=18054 2577 
* 72216
* 18054
+1 18054

fn=(338)
3646 25
+5 10
+1 10
+3 28
+2 12
cfn=(350)
calls=4 4281 
* 625
+1 4
-1 4
+1 12
+18 8
+1 16
+5 24
-27 24
-2 1
+29 4
-29 1
cfi=(65)
cfn=(340)
calls=1 36 
* 60924

fn=(339)
3646 5
+5 2
+1 2
+3 7
+2 3
cfn=(350)
calls=1 4281 
* 1054
+1 1
-1 1
+1 3
+18 2
+1 4
+5 6
-27 6

fn=(486) calloc
4040 449632
-13 449632
+13 449632
-3 449632
+3 449632
-13 2697792
+10 449632
+3 899264
+8 899264
+1 899264
+15 5395584
+7 449632
+8 449632
-7 899264
+7 899264
+14 1348896
cfn=(350)
calls=449632 4281 
* 34882326
+5 449632
-5 449632
+5 449632
+76 4046688
-58 899264
+1 1798528
+3 899264
+7 449632
-4 449632
+4 899264
+11 449626
-3 449626
+3 1798504
+10 449626
+1 899252
+3 899252
+7 395175
-3 395175
+1 395175
+1 395175
+1 395175
+3 21257
-2 21257
+1 21257
+1 21257
+3 14765
-2 14765
+1 14765
+1 14765
+1 13290
+1 26580
-38 18
+9 54168
+15 163353
cfi=(89) /usr/src/debug////////glibc-2.12-2-gc4ccff1/string/../sysdeps/x86_64/memset.S
cfn=(488) __GI_memset
calls=54451 44 
* 1482840
* 54451

fn=(354)
2993 126
+21 28
+13 74
+15 24
+7 12
+2 42
cfi=(84)
cfn=(418)
calls=6 82 
* 36
+2 12
+27 18
+5 30
+1 2
+2 2
+1 2
-1 2
+1 2
-1 4
+1 4
-1 4
+1 4
+1 6
+9 6
3471 112
3111 8
+25 8
-24 8
-1 8
+1 8
+24 16
3449 24
+1 8
+8 40
+4 16
-2 8
+2 16
-1 8
+1 16
+1 8
-1 8
+1 8
-1 16
+1 8
+2 16
3106 16
+92 8
+8 8
+11 16
-19 48
+19 16
+8 8
-8 8
+8 8
+28 2
-27 48
cfi=(70) /usr/src/debug/glibc-2.12-2-gc4ccff1/malloc/morecore.c
cfn=(356) __default_morecore
calls=8 48 
* 383
+2 8
-2 8
+2 32
+2 16
+1 16
3470 16
3276 16
+2 16
3113 8
3284 8
-6 8
+6 22
+1 35
+2 4
3392 1
-1 1
+1 3
+1 1
+11 2
3287 2
+42 5
+19 1
+7 2
-4 2
+1 2
+3 1
-3 2
+3 2
cfi=(70)
cfn=(356)
calls=1 48 
* 27
+12 4
+5 2
+1 2
+97 2
3277 2

fn=(352)
5140 64
+22 16
+1 21
+2 7
+17 7
+2 14
+3 14
+4 14
-4 126
+4 165
+25 7952
-1 7952
+1 72219
+4 50353
+4 50353
-3 50353
+1 50353
+2 50353
+1 5396
+1 5396
+3 5396
+1 5396
+1 5396
-2 5396
+3 5396
-3 5396
+12 5396
-3 5396
+3 5396
-12 44957
+1 44957
+1 44957
-2 44957
+3 44957
-3 44957
+12 44957
-3 44957
+3 44962
-3 5
+3 5
-41 50358
-3 50358
+3 100716
+1 50358
+1 100716
+2 100716
+1 39403
+2 39403
-1 39403
+2 408817
+3 100716
+3 100706
+4 84802
+26 266
-7 5
+1 5
-1 15
2491 3
+5 3
+5 1
+2 1
-2 1
+2 1
5250 64
2492 1
5136 2
2492 3
-2 2
+2 378
-2 253
+10 3

fn=(462)
4806 3982500
+15 442500
-15 442500
+15 885000
+6 2655000
+17 885000
+13 885000
+11 442486
+1 442486
-1 884972
+1 442486
-1 884972
2584 1327458
4899 1327458
+1 884972
+1 442486
+4 442486
-4 442486
+10 3097402
+9 1769944
+2 442486
+2 2654916
+2 884972
5119 3539888
4955 28
+2 56
+19 42
+6 14
-10 14
+10 14
+8 42
+7 28
-1 14
+1 28
2584 42
5007 28
+1 2
+2 2
-1 2
+2 20
+3 28
+5 28
+1 20
+1 2
+10 2
+1 2
+1 4
-2 12
+1 12
+1 24
+7 14
-2 14
+1 14
+1 14
+2 7
+1 7
+2 7
+3 7
-2 7
+2 7
+1 7
-1 7
+31 14
-34 7
+3 7
-2 7
+2 7
+1 7
-1 7
+31 14
+1 2
+3 3
4966 112
+57 24
+77 42
+2 56
+17 112
-34 5
4984 14
-2 14
+2 28
-2 28

fl=(74)
fn=(520) _IO_file_write@@GLIBC_2.2.5
1261 3
+2 3
-2 18
+2 3
-2 3
+2 6
+11 3
-11 6
+2 6
+3 12
cfi=(75)
cfn=(522)
calls=3 82 
* 21
+1 6
+9 9
+3 18
-6 9

fn=(368)
147 3
+5 1
-1 1
-4 1
+4 1
+3 1
cfi=(73)
cfn=(370) _IO_link_in
calls=1 -50 
* 77
+1 1
+1 4

fn=(414)
1225 2
+2 6
cfi=(83) /usr/src/debug/glibc-2.12-2-gc4ccff1/io/../sysdeps/unix/sysv/linux/wordsize-64/fxstat.c
cfn=(416) _fxstat
calls=2 37 
* 20

fn=(372)
257 9
+11 2
415 7
270 3
+25 1
-10 1
+10 1
-10 1
+10 7
-7 2
+7 1
-25 4
+65 1
227 2
+4 3
cfi=(75)
cfn=(374)
calls=1 82 
* 7
* 1
+4 2
+3 1
-1 1
+1 2
+1 2
-1 1
+1 1
+7 2
cfi=(73)
cfn=(370)
calls=1 104 
* 11
+97 3
cfi=(76) /usr/src/debug/glibc-2.12-2-gc4ccff1/string/../string/strstr.c
cfn=(378) __GI_strstr
calls=1 53 
* 27
* 1
+1 3
-56 2

fn=(514) _IO_file_overflow@@GLIBC_2.2.5
829 460
+1 92
-1 92
+1 184
+7 548
+35 184
+3 184
+3 92
+1 92
-1 184
+1 368
+5 92
+1 460
-45 2
+12 3
+9 2
+4 1
+4 1
-1 1
-5 1
+1 1
+4 1
-3 1
+1 1
+3 1
-3 2
+3 3
+1 3
+9 9
+3 3
-1 9
cfn=(518) _IO_do_write@@GLIBC_2.2.5
calls=3 493 
* 273
* 6
-39 2
cfi=(73)
cfn=(410) _IO_doallocbuf
calls=1 419 
* 101
+1 6

fn=(518)
493 18
+1 3
-1 6
+1 6
+2 18
+11 9
+7 12
+8 15
cfn=(520)
calls=3 1261 
* 126
+1 3
-1 3
+1 6
+5 3
-2 3
+2 3
-2 9
+1 6
+1 3
-34 3
+34 3
-34 3
+29 6
+5 6

fn=(408) _IO_file_underflow@@GLIBC_2.2.5
537 8
+8 6
+6 6
+3 4
+13 4
+20 4
cfi=(73)
cfn=(422) _IO_switch_to_get_mode
calls=2 188 
* 40
+6 2
+5 8
-5 4
+1 2
+1 6
+3 2
cfn=(424) _IO_file_read
calls=2 1200 
* 26
+2 4
+10 2
-3 2
+3 4
+2 4
+1 8
-56 3
+5 2
cfi=(73)
cfn=(410)
calls=1 419 
* 90
* 2

fn=(424)
1200 2
+1 4
+2 2
+1 2
-1 2
cfi=(75)
cfn=(426)
calls=2 82 
* 14

fn=(454)
205 1
+1 1
-1 1
+1 1
+6 2
+1 1
-1 1
cfi=(73)
cfn=(456) _IO_default_finish
calls=1 687 
* 24

fn=(442)
162 1
+2 1
-2 2
+2 1
-2 1
+2 1
+3 5
+6 2
cfi=(73)
cfn=(444) _IO_unsave_markers
calls=1 1118 
* 5
+2 3
cfn=(446) _IO_file_close
calls=1 1252 
* 7
* 1
+4 3
+9 5
cfi=(73)
cfn=(420)
calls=1 404 
* 34
+1 2
+3 1
-3 1
+1 3
+2 1
cfi=(73)
cfn=(440)
calls=1 64 
* 10
+5 1
-4 1
+1 1
+1 1
+2 1
+1 5

fn=(446)
1252 2
cfi=(75)
cfn=(448)
calls=1 82 
* 5

fl=(50)
fn=(224) handle_intel
307 4
+9 2
-9 16
+8 2
+1 4
+8 4
+5 2
-5 4
+5 2
+7 10
cfn=(226) intel_check_word
calls=2 163 
* 1564
+1 4
+3 10
cfn=(226)
calls=2 163 
* 194
+1 4
-10 2
+1 2
-1 4
+27 16

fn=(226)
163 44
+1 8
+8 4
-2 32
+14 20
+53 16
+36 40
-1 8
+1 8
cfi=(51)
cfn=(228)
calls=8 27 
* 1350
+2 16
+22 8
172 16
+2 10
+2 20
-4 2
302 32
196 10
+5 15
-5 2
+11 10
+23 3
-34 15
+5 6
+4 8
+2 10
+8 2
+2 4
+2 28
-12 3
-6 1
-5 1
+9 2
+2 4

fn=(222) init_cacheinfo
538 4
+13 3
+7 2
747 5
560 3
cfn=(224)
calls=1 307 
* 900
+4 2
-4 1
+4 1
cfn=(224)
calls=1 307 
* 950
+2 1
-2 1
+2 2
+29 1
-18 1
+18 3
+7 6
+6 2
-6 12
+6 6
+3 20
+2 1
+6 6
+7 1
-7 1
+38 2
+75 2
+3 2
+1 1
+1 1
-1 2
+4 2
+3 2
+1 1
+1 1
-1 3
-86 7
-1 3
-31 8
+2 2
+2 8
+2 4
+5 1
+2 2
+1 1
-1 1
+1 4
+1 1

fn=(230)
152 216
+3 108
+1 54

fl=(72) /usr/src/debug/glibc-2.12-2-gc4ccff1/misc/../sysdeps/unix/sysv/linux/x86_64/brk.c
fn=(360) brk
29 9
+3 54
+2 27
+7 18

fl=(41) /usr/src/debug/glibc-2.12-2-gc4ccff1/csu/../sysdeps/x86_64/multiarch/init-arch.c
fn=(166) __init_cpu_features
53 1
-8 1
+8 1
+3 1
-3 1
+3 3
+70 1
+1 1
+2 1
+1 2
-74 2
+9 1
-33 3
+6 1
-6 1
+6 1
-6 1
+7 1
+30 1
-30 1
-7 1
+37 1
-31 1
+27 2
-26 1
+30 1
+1 1
-38 1
+32 1
+6 1
+5 2
+3 1
+1 2
+11 2
+12 4
-23 9

fl=(89)
fn=(488)
44 54451
+1 54451
+1 54451
+4 54451
+1 54451
+1 54451
+1 54451
+2 54451
+1 54451
+2 54421
+5 54421
+1 54421
+1 54421
+1 54421
+1 54421
327 38
+1 38
+1 38
+1 38
+1 38
+1 38
+1 38
+1 38
+1 38
+1 38
+1 38
+1 38
+1 38
+1 38
-11 54383
+1 54383
+1 54383
+1 54383
+1 54383
+1 54383
+1 54383
+1 54383
+1 54383
+1 54383
+1 54383
+1 54383
504 30
+1 30
+1 30
+1 30
+1 30
+1 30
+1 30
+5 30
+1 30
+1 30
+1 30
+1 30
+85 30
+1 30
+2 30
+1 30
+2 13
+5 13
+1 13
+1 13
+1 13
+1 13
741 13
+1 13
+1 13
+1 13
+1 13
+1 13
+1 13
+1 13
+1 13
+1 13
+1 13
-7 1
+1 1
+1 1
+1 1
+1 1
+1 1
+1 1
+1 1
-5 1
+1 1
+1 1
+1 1
+1 1
+1 1
-2 8
+1 8
+1 8
-1 7
+1 7
866 17
+1 17
+1 34
+4 17
+1 17
+1 17
+1 17
+1 17
+1 17
+1 17
+1 17
+1 17
+1 17
+2 17
+1 17
-12 1000
+1 1000
+1 1000
+1 1000
+1 1000
+1 1000
+1 1000
+1 1000
+1 1000
+1 1000
+2 1000
+1 1000
+1 17
+5 17
+1 17
+1 17
+1 17
+1 17

fl=(91) /usr/src/debug/glibc-2.12-2-gc4ccff1/libio/putc.c
fn=(510) putc
29 92
+3 92
-3 184
+3 1288
+1 276
fi=(85)
968 184
+1 1012
fe=(91)
36 276
-3 276
cfi=(73)
cfn=(512) __overflow
calls=92 246 
* 4018
* 184

fl=(40) /usr/src/debug////////glibc-2.12-2-gc4ccff1/string/../sysdeps/x86_64/multiarch/strcmp.S
fn=(168) strncasecmp
124 1
+1 1
+3 1
+1 1
+1 1
+5 1

fn=(164) strcasecmp
106 1
+1 1
+1 1
cfi=(41)
cfn=(166)
calls=1 -55 
* 57
+2 1
+1 1
+1 1
+5 1

fl=(49)
fn=(220)
19 1
+7 1
-7 5
+1 1
cfi=(50)
cfn=(222)
calls=1 538 
* 1996
-1 3
+10 2

fl=(57) /usr/src/debug/glibc-2.12-2-gc4ccff1/csu/libc-start.c
fn=(288) (below main)
96 7
+10 1
-10 3
+10 3
+52 1
-52 1
+52 1
+1 4
cfi=(58)
cfn=(290)
calls=1 57 
* 60
+22 4
+3 2
+1 5
cob=(7) /h/qcolli01/Desktop/comp40/profiling/um
cfi=(54) ???
cfn=(294) __libc_csu_init
calls=1 0 
* 64
+4 4
+15 2
+9 2
cfi=(59) /usr/src/debug////////glibc-2.12-2-gc4ccff1/setjmp/../sysdeps/x86_64/bsd-_setjmp.S
cfn=(320) _setjmp
calls=1 34 
* 29
+1 2
+5 2
+1 2
+3 2
+3 5
cob=(7)
cfi=(62) /h/qcolli01/Desktop/comp40/profiling/um.c
cfn=(326) main
calls=1 49 
* 791680725
106 2

fl=(48)
fn=(218)
26 1
+1 1
+1 1
+1 1
+1 1
+1 1
+1 1
+1 1
+1 1
+1 1
+1 1
+1 1
+1 1
+1 1
+1 1
+1 1
+1 1
+1 1
+1 1
+1 1
+1 1
+1 1
+1 1
+13 1
+1 1
+1 1
+1 1
+7 1
+1 1
+1 1
+1 1
+1 1
+1 1
+1 1

fl=(61)
fn=(324)
30 1
-1 2
+1 2
+5 1
-5 1
+5 2

fl=(83)
fn=(416)
37 2
-1 2
+1 2
+1 12
+4 2

fl=(68)
fn=(346)
127 9
+5 1
-5 2
+5 2
cob=(1) /lib64/ld-2.12.so
cfi=(2) /usr/src/debug/glibc-2.12-2-gc4ccff1/elf/rtld.c
cfn=(42) rtld_lock_default_lock_recursive
calls=1 836 
* 2
+3 5
+1 4
+1 18
31 2
+1 2
+3 3
+5 1
+6 1
-6 1
+1 3
+2 3
+3 1
+5 3
+74 1
-74 1
+74 4
-72 1
+19 1
-18 2
-1 1010
+19 1010
-18 2020
+2 3600
+14 1257
+2 3771
-10 2514
+1 1257
-1 4314
+1 900
-1 1800
+2 4314
-2 4314
+3 6462
-3 5538
+3 615
-3 1278
+3 16
-3 32
+3 599
-3 3355
+10 5325
-21 4042
+85 12
-36 2
+1 2
+1 2
+3 2
+41 2
cob=(1)
cfi=(2)
cfn=(44) rtld_lock_default_unlock_recursive
calls=1 842 
* 2
+3 9
-32 1
+1 3

fl=(71) /usr/src/debug/glibc-2.12-2-gc4ccff1/misc/sbrk.c
fn=(358) sbrk
35 45
+8 60
+4 18
+4 32
+3 8
cfi=(72)
cfn=(360)
calls=8 -25 
* 96
-3 16
+7 54
-14 2
cfi=(72)
cfn=(360)
calls=1 -15 
* 12
* 4

fl=(70)
fn=(356)
48 9
+1 9
cfi=(71)
cfn=(358)
calls=9 -14 
* 347
+1 27
+3 18

fl=(79) /usr/src/debug/glibc-2.12-2-gc4ccff1/io/../sysdeps/unix/sysv/linux/wordsize-64/xstat.c
fn=(390) _xstat
37 1
-1 1
+1 1
+1 6
+4 1

fl=(76)
fn=(378)
53 9
+10 3
+2 2
fi=(77) /usr/src/debug/glibc-2.12-2-gc4ccff1/string/../string/str-two-way.h
273 1
fe=(76)
89 9
-26 3

fl=(59)
fn=(320)
34 1
+2 1
cfi=(60)
cfn=(322)
calls=1 -10 
* 27

fl=(81) /usr/src/debug/glibc-2.12-2-gc4ccff1/libio/getc.c
fn=(402) getc
37 120440
+3 120440
-3 120440
+3 1686160
+1 722634
fi=(85)
968 240880
+1 1324840
fe=(81)
44 361320
-3 4
cfi=(73)
cfn=(404) __uflow
calls=2 368 
* 318
* 4

fl=(73)
fn=(420)
404 12
+1 3
-1 3
+1 8
+4 3
-2 3
+1 3
+1 3
+3 1
+1 4
-3 2
+3 8
-7 7
cfi=(84)
cfn=(450)
calls=1 82 
* 5
* 3

fn=(440)
64 12
+1 6
+4 6
+1 11
+1 1
+1 15
+2 3
+2 2
+14 1
+2 8
+2 1
-1 1
+1 9
+1 2
+3 12
-6 6
-14 1
+2 1
-2 2

fn=(370)
104 8
+1 6
+4 1
-2 2
+2 5
+1 11
+1 1
+1 15
+4 1
+2 1
-4 1
+1 1
-1 1
+4 7
+2 1
-1 1
+1 9
+1 2
+3 8
-6 6

fn=(364)
648 9
+1 1
cfn=(366) _IO_old_init
calls=1 -13 
* 24
+3 1
-2 1
+2 1
+2 1
+1 1
+1 1
+1 1
+1 1
+1 1
+1 1
+1 1
+1 1
+1 1
+1 1
+1 1
+2 1
+3 1
+1 6

fn=(366)
636 1
-21 1
+1 1
-1 1
+2 1
+1 1
+1 1
+17 1
-16 1
+1 1
+1 1
+1 1
+1 1
+1 1
+2 1
+1 1
+1 1
+1 1
+1 1
+5 1
+1 4

fn=(410)
419 2
+1 2
-1 2
+1 2
+6 4
-4 4
+1 6
cfi=(82)
cfn=(412)
calls=2 88 
* 165
* 4

fn=(456)
687 2
+2 3
+6 3
+3 3
+6 1
+6 1
-6 1
cfn=(440)
calls=1 64 
* 10

fn=(404)
368 2
+2 2
-2 2
+2 5
+6 6
+3 8
+2 6
+6 4
+5 4
+2 4
+1 2
-1 4
cfn=(406) _IO_default_uflow
calls=2 +46 
* 267
-24 2

fn=(406)
440 2
-1 4
+1 2
cfi=(74)
cfn=(408)
calls=2 +97 
* 243
+1 4
+2 8
+1 4

fn=(512)
246 276
+1 1
+1 3
cfi=(74)
cfn=(514)
calls=1 829 
* 162
* 273
cfi=(74)
cfn=(514)
calls=91 829 
* 3303

fn=(422)
188 4
-1 4
+1 2
+3 6
+5 2
-1 4
+1 2
+7 2
-4 2
+2 6
+2 2
+2 4

fn=(444)
1118 2
+19 2
+1 1

ob=(7)
fl=(86) /h/qcolli01/Desktop/comp40/profiling/bitpack_inline.h
fn=(470) SLOAD
9 12340388
+6 6170194
fi=(88) /h/qcolli01/Desktop/comp40/profiling/um_methods.h
+25 6170194
+20 6170194
-19 12340388
+19 24680776
fe=(86)
-51 6170194
+6 6170194
fi=(88)
+24 6170194
+21 12340388
fe=(86)

fn=(472) NAND
9 2801030
+6 1400515
fi=(88)
+24 1400515
+2 2801030
fe=(86)
-32 1400515
+6 1400515
fi=(88)
+25 1400515
+60 7002575
fe=(86)

fn=(464) LOADV
9 20740494
+6 10370247
fi=(88)
238 10370247
fe=(86)
15 31110741

fn=(474) ADD
9 2006038
+6 1003019
fi=(88)
+24 1003019
+2 2006038
fe=(86)
-32 1003019
+6 1003019
fi=(88)
+25 1003019
+36 4012076
fe=(86)

fn=(496) DIV
9 114150
+6 57075
fi=(88)
+24 57075
fe=(86)
-30 114150
+6 57075
fi=(88)
+25 57075
+1 57075
+51 285375
fe=(86)

fn=(494) MULT
9 76978
+6 38489
fi=(88)
+24 38489
+2 76978
fe=(86)
-32 38489
+6 38489
fi=(88)
+25 38489
+44 153956
fe=(86)

fl=(88)
fn=(466) LOADP
213 3413067
41 2275378
fi=(86)
-32 1137689
+6 1137689
fe=(88)
+25 1137689
216 1137689
+1 2275378
+15 2275378
+1 4550756

fn=(476) CMOV
41 1747358
+10 1747358
fi=(86)
-42 1564766
+6 782383
fe=(88)
+25 782383
+12 782383
fi=(86)
-43 782383
+6 782383
fe=(88)
+24 782383
+13 1656062

fn=(468) SSTORE
41 10286400
+27 5143200
fi=(86)
-59 10286400
+6 5143200
fe=(88)
+24 5143200
+29 5143200
fi=(86)
-59 5143200
+6 5143200
fe=(88)
+25 5143200
+28 25716000

fn=(480) MAP
139 2248090
fi=(86)
9 899236
+6 449618
fe=(88)
+25 449618
+1 449618
142 1348854
cob=(3)
cfi=(64)
cfn=(486)
calls=449618 4040 
* 69860745
cob=(1)
cfi=(55) /usr/src/debug////////glibc-2.12-2-gc4ccff1/elf/../sysdeps/x86_64/dl-trampoline.S
cfn=(282) _dl_runtime_resolve
calls=1 30 
* 1497
* 449622
* 449618
+1 449618
fi=(80) /h/qcolli01/Desktop/comp40/profiling/uint_stack.h
-79 449618
fe=(88)
+79 899236
+5 1348854
-23 56
cob=(3)
cfi=(64)
cfn=(486)
calls=14 4040 
* 2208946
* 14
+2 28
+1 70
-1 28
+1 1572726
-1 1048484
+2 14
+1 14
+1 14
+1 14
cob=(3)
cfi=(64)
cfn=(460)
calls=14 3694 
* 1304
cob=(1)
cfi=(55)
cfn=(282)
calls=1 30 
* 1404
* 18
+25 1348854
+1 449618
+1 899236
+2 449618
+1 2697708

fn=(498) UNMAP
167 1327470
41 442490
170 442490
+3 1769960
+1 442490
+1 442490
fi=(80)
33 1327470
+11 1327470
+1 2212450
fe=(88)
176 884980
cob=(3)
cfi=(64)
cfn=(460)
calls=442490 3694 
* 37169280
* 442490
+1 1769960

fn=(502) OUTPUT
181 92
41 92
184 92
+1 184
fi=(90) /usr/include/bits/stdio.h
82 276
cob=(3)
cfi=(91)
cfn=(510)
calls=92 -53 
* 7882
cob=(1)
cfi=(55)
cfn=(282)
calls=1 -52 
* 1504
* 96
fe=(88)
187 184

fl=(54)
fn=(274) 0x0000000000400a70
0 11
cob=(3)
cfi=(57)
cfn=(288)
calls=1 96 
0 791680933
cob=(1)
cfi=(55)
cfn=(282)
calls=1 30 
0 1756
0 5

fn=(298) 0x0000000000400a9c
0 6

fn=(294)
0 15
cob=(2) ???
cfi=(12) ???
cfn=(296) 0x0000000000400948
calls=1 0 
0 39
0 10

fn=(304) 0x0000000000400ba0
0 15

fn=(314) 0x0000000000401440
0 12

fl=(62)
fn=(326)
49 7
+1 2
+2 1
+2 3
cob=(3)
cfi=(63)
cfn=(332)
calls=1 +53 
* 61244
cob=(1)
cfi=(55)
cfn=(282)
calls=1 -24 
* 1403
* 5
* 3
fi=(78) /usr/include/sys/stat.h
457 4
cob=(3)
cfi=(79)
cfn=(390)
calls=1 37 
* 10
cob=(1)
cfi=(55)
cfn=(282)
calls=1 30 
* 1507
* 5
fe=(62)
173 5
22 1
+1 2
cob=(3)
cfi=(64)
cfn=(338)
calls=1 3646 
* 197
cob=(1)
cfi=(55)
cfn=(282)
calls=1 +7 
* 1458
* 5
* 1
+1 3
cob=(3)
cfi=(64)
cfn=(338)
calls=1 3646 
* 195
* 1
* 1
fi=(80)
-1 2
cob=(3)
cfi=(64)
cfn=(338)
calls=1 3646 
* 204
* 1
* 1
+1 1
+1 2
cob=(3)
cfi=(64)
cfn=(338)
calls=1 3646 
* 197
* 1
* 1
+1 1
+1 1
fe=(62)
-2 1
+1 1
+1 1
+1 1
+5 7
+3 240880
cob=(3)
cfi=(81)
cfn=(402)
calls=120440 +1 
* 4697480
cob=(1)
cfi=(55)
cfn=(282)
calls=1 -6 
* 1381
* 120444
* 120440
fi=(86)
-23 240880
+2 270990
-6 180660
-1 30110
-1 240880
+2 270990
+6 180660
-1 30110
+16 60220
-1 30110
-1 90330
fe=(62)
+7 60220
fi=(86)
-5 180660
-1 90330
-1 270990
fe=(62)
+7 180660
+5 60220
-7 60220
+16 120440
-6 2
cob=(3)
cfi=(87)
cfn=(438)
calls=1 * 
* 397
cob=(1)
cfi=(55)
cfn=(282)
calls=1 -13 
* 1489
* 5
+1 2
+1 1
176 7
fi=(86)
15 2
fe=(62)
177 2
cfi=(86)
cfn=(464)
calls=1 9 
* 7
-1 189604142
fi=(86)
15 54172612
fe=(62)
177 54172612
cfi=(88)
cfn=(502)
calls=92 +4 
* 10402
cfi=(88)
cfn=(498)
calls=442490 -10 
* 50001490
cfi=(86)
cfn=(496)
calls=57075 9 
* 799050
cfi=(86)
cfn=(494)
calls=38489 9 
* 500357
cfi=(88)
cfn=(480)
calls=449618 -38 
* 90432010
cfi=(88)
cfn=(476)
calls=873679 41 
* 11409842
cfi=(86)
cfn=(474)
calls=1003019 9 
* 13039247
cfi=(86)
cfn=(472)
calls=1400515 9 
* 19607210
cfi=(86)
cfn=(470)
calls=6170194 9 
* 98723104
cfi=(88)
cfn=(468)
calls=5143200 41 
* 82291200
cfi=(86)
cfn=(464)
calls=10370246 9 
* 72591722
cfi=(88)
cfn=(466)
calls=1137689 +36 
* 19340713
* 27086307

ob=(1)
fl=(19) /usr/src/debug////////glibc-2.12-2-gc4ccff1/string/../sysdeps/x86_64/strchr.S
fn=(60) index
26 13
+1 13
+1 13
+1 13
+1 13
+1 13
+1 13
+1 13
+1 13
+1 13
+1 13
+1 13
+1 13
+1 13
+1 13
+1 13
+1 13
+1 13
+1 13
+1 13
+1 13
+2 14
+1 14
+1 14
+1 14
+1 14
+1 14
+1 14
+1 14
+1 14
+2 13
+1 13
+1 1
+1 1
+1 1
+1 1
+1 12
+1 13

fl=(23) /usr/src/debug////////glibc-2.12-2-gc4ccff1/setjmp/../sysdeps/x86_64/setjmp.S
fn=(78) __sigsetjmp
26 8
+2 8
+1 16
+1 8
+4 8
+1 8
+1 8
+1 8
+1 8
+2 16
+2 8
+1 8
+2 16
+2 8
+4 8
+1 8

fl=(28) /usr/src/debug////////glibc-2.12-2-gc4ccff1/string/../sysdeps/x86_64/memset.S
fn=(102) memset
44 10
+1 10
+1 10
+4 10
+1 10
+1 10
+1 10
+2 10
+1 10
+2 8
+5 8
+1 8
+1 8
+1 8
+1 8
326 1
+1 1
+1 1
+1 1
+1 1
+1 1
+1 1
+1 1
+1 1
+1 1
+1 1
+1 1
+1 1
+1 1
+1 1
-11 1
+1 1
+1 1
+1 1
+1 1
+1 1
+1 1
+1 1
+1 1
+1 1
+1 1
+1 1
-8 1
+1 1
+1 1
+1 1
+1 1
+1 1
+1 1
+1 1
+1 1
-3 1
+1 1
+1 1
+1 1
-2 2
+1 2
+1 2
-1 1
+1 1
+67 1
+1 1
+1 1
+1 1
+1 1
+1 1
+1 1
+1 1
+1 1
+1 1
+1 1
-2 1
+1 1
+1 1
-1 1
+1 1
+87 2
+1 2
+1 2
+1 2
+1 2
+1 2
+1 2
+5 2
+1 2
+1 2
+1 2
+1 2
+36 1
+1 1
+37 2
1214 2
+1 4
+4 2
+1 2
+1 4
+5 2
+2 2
+1 2
+1 2
+1 2
+1 2
+1 2
+1 2
+1 2
+1 2
+1 2
+1 2
+1 2
+1 2
+1 2
+1 2
+1 2
+2 2
+2 2
-21 8
+2 8
+1 8
+1 8
+1 8
+1 8
+1 8
+1 8
+1 8
+1 8
+1 8
+1 8
+1 8
+1 8
+1 8
+1 8
+1 8
+2 8
+2 8
+3 2
+1 2
+6 2
+1 2
+1 2
+1 2
+1 2

fl=(33) /usr/src/debug/glibc-2.12-2-gc4ccff1/string/strdup.c
fn=(126) strdup
41 12
+1 3
cfi=(8) /usr/src/debug////////glibc-2.12-2-gc4ccff1/string/../sysdeps/x86_64/rtld-strlen.S
cfn=(14) strlen
calls=3 -13 
* 117
* 3
+1 6
cfi=(13) /usr/src/debug/glibc-2.12-2-gc4ccff1/elf/dl-minimal.c
cfn=(32) malloc
calls=3 +52 
* 87
* 3
+2 6
+3 6
+1 6
-1 3
+1 3
-1 3
cfi=(14) /usr/src/debug////////glibc-2.12-2-gc4ccff1/string/../sysdeps/x86_64/memcpy.S
cfn=(38) memcpy
calls=3 +8 
* 90

fl=(35) /usr/src/debug/glibc-2.12-2-gc4ccff1/elf/dl-version.c
fn=(138) _dl_check_map_versions
180 54
+15 6
-15 12
+15 12
+2 6
+3 6
-3 6
+2 6
+1 6
+2 6
-3 6
+3 6
+3 12
+4 4
-4 4
+4 8
+10 16
+7 4
62 4
226 8
62 24
226 1
62 1
226 2
62 16
+1 20
-1 40
+2 75
cfi=(24) /usr/src/debug/glibc-2.12-2-gc4ccff1/elf/dl-misc.c
cfn=(84) _dl_name_match_p
calls=25 301 
* 1545
* 50
234 15
+5 20
+20 16
-16 112
cfn=(140) match_symbol
calls=1 82 
* 138
* 72
cfn=(140)
calls=12 82 
* 2183
* 65
+11 39
+9 20
+5 3
+1 1
69 4
277 12
+3 12
+10 44
-10 88
+6 66
-6 12
+6 9
+8 12
+87 54
-81 5
-1 15
cfi=(13)
cfn=(28) calloc
calls=5 111 
* 195
* 5
+2 5
-2 5
+2 5
+11 5
+2 5
-5 5
+3 10
+2 5
+3 20
+4 15
+18 24
-15 16
+2 24
-2 10
+2 15
+2 78
+1 39
+1 39
+1 39
+3 39
+8 15
+5 3
+1 1
+4 10
+3 15
+20 44
-14 22
-2 22
+2 25
-2 3
+2 3
+5 44
+1 22
-1 110
+1 22
+1 22
-1 44
+4 78
269 6

fn=(136) _dl_check_all_versions
387 5
+4 1
-4 1
+4 1
-4 1
+4 3
+1 18
-1 6
+1 6
-1 12
+5 7
-3 24
cfn=(138)
calls=6 180 
* 6097
-1 24

fn=(140)
82 130
+9 13
-8 13
-1 39
+1 13
+8 13
+6 39
+18 26
+5 26
+14 180
+12 231
+4 154
-30 154
+19 78
cfi=(15) /usr/src/debug////////glibc-2.12-2-gc4ccff1/string/../sysdeps/x86_64/strcmp.S
cfn=(46) strcmp
calls=13 -4 
* 1069
* 39
+34 13
+1 91

fl=(37) /usr/src/debug/glibc-2.12-2-gc4ccff1/elf/dl-reloc.c
fn=(150) _dl_relocate_object
158 36
+10 12
-10 18
+14 6
-14 12
+14 6
+1 30
+6 12
+6 18
+4 12
+8 18
+45 6
fi=(7) /usr/src/debug/glibc-2.12-2-gc4ccff1/elf/../sysdeps/x86_64/dl-machine.h
96 12
fe=(37)
242 12
fi=(7)
96 6
+39 6
fe=(37)
268 156
fi=(38) /usr/src/debug/glibc-2.12-2-gc4ccff1/elf/do-rel.h
57 4
+1 4
+1 4
fe=(37)
268 4
156 4
fi=(38)
-91 4
fe=(37)
+91 4
fi=(7)
295 4
fe=(37)
-27 4
fi=(7)
+27 4
fi=(38)
65 4
fe=(37)
268 2
fi=(38)
57 2
+1 2
+1 2
fe=(37)
268 2
156 2
fi=(38)
-91 2
fe=(37)
+91 2
fi=(7)
295 2
fe=(37)
-27 2
fi=(7)
+27 2
fi=(38)
65 2
+3 16
fi=(7)
476 4
-1 8
+4 8
-3 242
-1 484
+4 484
+2 738
+1 18
fi=(38)
68 738
fe=(37)
268 42
fi=(38)
59 6
fe=(37)
268 36
fi=(38)
65 6
fe=(37)
268 6
fi=(38)
57 6
+1 6
+7 6
+10 6
+2 6
-2 12
+1 6
+1 52
+14 5
-12 5
+12 11
-12 1
+12 2
+10 18
+10 15
+4 5
+2 5
-2 5
+2 5
fi=(7)
296 15
fi=(38)
119 10
+1 5
+2 10
-2 5
-1 5
fi=(7)
267 5
fi=(38)
119 5
fi=(7)
270 5
fi=(38)
119 5
+1 15
fi=(7)
270 5
fi=(38)
119 430
+1 215
+2 430
-2 215
-1 215
fi=(7)
267 215
fi=(38)
119 215
fi=(7)
270 215
fi=(38)
119 215
+1 645
fi=(7)
270 215
+18 440
+7 5072
fi=(38)
120 382
fi=(7)
295 573
fi=(38)
120 191
fi=(7)
295 803
fi=(38)
120 26
fi=(7)
295 39
fi=(38)
120 13
fi=(7)
295 2500
cfi=(4) /usr/src/debug/glibc-2.12-2-gc4ccff1/elf/dl-lookup.c
cfn=(156) _dl_lookup_symbol_x
calls=204 724 
* 266950
* 816
+1 660
+4 214
-4 428
+4 214
-1 428
+10 440
fe=(37)
-38 18
+32 6
+3 12
+13 12
+1 6
cfn=(170) _dl_protect_relro
calls=3 +8 
* 72
* 3
+1 48
fi=(7)
135 8
-39 8
+6 8
+4 12
+13 4
-8 4
+8 8
+13 4
+3 4
-3 4
+3 12
fe=(37)
+50 18
+83 18
fi=(38)
117 7
fi=(7)
309 880
+85 205
fi=(38)
117 410
fi=(7)
394 205
fi=(38)
117 209
fi=(7)
377 30
+4 30
+5 20
fi=(38)
117 10
fi=(7)
386 20
fi=(38)
117 20
fi=(7)
327 2
+1 1
fi=(38)
117 1
fi=(7)
328 1
fi=(38)
117 2
fi=(7)
448 4
fi=(38)
117 2
fi=(7)
448 2
cob=(3)
cfi=(40)
cfn=(168)
calls=1 124 
* 6
cob=(3)
cfi=(40)
cfn=(164)
calls=1 106 
* 64
+1 2
fi=(38)
117 4
fi=(7)
430 6
+4 10
cfi=(14)
cfn=(38)
calls=2 56 
* 36
+2 10
295 26
fi=(38)
104 5
fi=(7)
467 3
fi=(38)
104 2
fi=(7)
467 1
fi=(38)
104 1
+7 3
+16 5
+1 2
+1 2
-1 1
fi=(7)
267 1
fi=(38)
128 1
fi=(7)
270 1
fi=(38)
128 3
fi=(7)
270 1
fi=(38)
128 8
+1 8
-1 4
fi=(7)
267 4
fi=(38)
128 4
fi=(7)
270 4
fi=(38)
128 12
fi=(7)
270 4
+18 10
+7 195
cfi=(4)
cfn=(156)
calls=5 724 
* 6218
* 20
+1 15
+4 1
-4 2
+4 1
-1 2
+10 30
108 4
+1 6
394 15
fi=(38)
127 16
fi=(7)
484 1140
295 75
fe=(37)

fn=(170)
328 3
-2 6
+1 6
+1 9
+2 6
+2 6
+1 9
cfi=(27) /usr/src/debug////////glibc-2.12-2-gc4ccff1/misc/../sysdeps/unix/syscall-template.S
cfn=(100) mprotect
calls=3 82 
* 15
-1 6
+7 6

fl=(32) /usr/src/debug////////glibc-2.12-2-gc4ccff1/string/../sysdeps/x86_64/strcpy.S
fn=(124) strcpy
32 3
+1 3
+1 3
+2 3
+2 2
+1 2
+3 2
+1 2
+1 2
+1 2
-3 10
+1 10
+1 10
+1 10
+1 12
+1 12
+1 12
+1 12
+3 3
+8 3
+1 3
+1 3
+1 3
+3 3
+1 3
+1 3
+1 3
+3 3
+2 3
+1 3
+3 3
+1 3
+1 3
+1 3
+3 3
+1 3
+1 3
+1 3
+3 3
+2 2
+1 2
+3 2
+1 2
+1 2
+1 2
+3 2
+1 2
+1 2
+1 2
+3 2
+30 5
+1 5
+1 5
+1 4
+1 4
+1 4
+1 4
+1 2
+1 2
+1 2
+6 3
+2 3

fl=(25) /usr/src/debug////////glibc-2.12-2-gc4ccff1/io/../sysdeps/unix/syscall-template.S
fn=(106) close
82 20
+1 5

fn=(90) open
82 68
+1 17
+1 72

fn=(108) access
82 4
+1 1
+1 6

fn=(92) read
82 16
+1 4

fl=(11) /usr/src/debug/glibc-2.12-2-gc4ccff1/elf/dl-object.c
fn=(40) _dl_add_to_namespace_list
33 20
+2 5
-2 5
+2 5
cfi=(2)
cfn=(42)
calls=5 836 
* 10
+2 34
+3 56
+2 4
+2 4
+4 4
+4 4
-4 8
+1 8
+3 4
-2 4
+3 12
-1 4
cfi=(2)
cfn=(44)
calls=4 842 
* 8
-4 1
+4 1
-4 2
+1 2
+3 1
-2 1
+3 3
-1 1
cfi=(2)
cfn=(44)
calls=1 842 
* 2
-5 2

fn=(24) _dl_new_object
62 45
+2 5
-2 20
+2 5
cfi=(8)
cfn=(14)
calls=5 -35 
* 266
+6 5
-6 5
+7 10
+6 20
cfi=(13)
cfn=(28)
calls=5 +34 
* 251
* 5
+3 5
-3 5
+3 10
+4 5
+5 5
-6 5
+4 5
+2 5
-5 5
+3 5
+2 10
cfi=(14)
cfn=(38)
calls=5 -33 
* 142
+2 5
-2 5
+5 5
-1 5
-2 5
+3 20
+3 5
-3 5
+3 5
+9 5
-7 5
+4 5
+3 5
-46 5
+48 2
-2 2
+2 30
-2 30
+18 10
-6 5
+6 5
-5 5
+5 5
-6 5
+6 20
+2 16
+3 11
+4 12
+4 24
+8 1
+6 1
-3 2
+3 6
-3 8
+3 8
+2 8
cfi=(8)
cfn=(14)
calls=4 29 
* 214
* 4
+4 4
-4 4
+4 4
+64 4
+7 45
70 10
+1 40
+66 4
-39 10
223 6
-86 1
-4 1
+4 2
+24 8
cfi=(13)
cfn=(32)
calls=4 -66 
* 116
* 4
+1 4
-1 4
+1 12
+45 12
cfi=(14)
cfn=(58) mempcpy
calls=4 56 
* 143
* 4
+6 132
-1 66
+1 70
-1 4
+1 4
+2 8
+3 8

fl=(6) /usr/src/debug/glibc-2.12-2-gc4ccff1/elf/../sysdeps/unix/sysv/linux/x86_64/brk.c
fn=(10) brk
29 1
+3 4
+2 2
-2 1
+2 1
+7 2

fl=(4)
fn=(6) _dl_setup_hash
873 18
+5 4
+3 8
+2 4
-1 4
+4 4
+4 8
-4 4
+1 8
+2 4
+1 4
+2 4
+2 12
-7 4
+7 8
+1 4
+3 6
+2 2
+2 2
+1 2
+1 2
+2 2
-4 2
+4 4

fn=(158) do_lookup_x
83 1962
+1 218
-6 218
+5 654
-5 1962
+12 218
231 218
+3 218
+39 218
-42 218
+3 218
99 218
-3 218
+1 218
+2 218
+3 218
-3 218
+3 218
-3 665
-3 665
+1 665
+2 665
+3 665
-3 665
+3 665
+4 1786
+4 1762
+4 1762
+7 2643
+4 881
+1 881
227 881
125 1762
+1 1762
227 881
+1 1762
+4 453
+3 453
-3 906
+3 1359
+1 453
+3 906
-1 906
+1 453
-1 906
+21 251
+24 1346
470 2019
+1 411
-1 1146
+4 2035
+4 1744
288 1612
+4 455
+13 208
+1 208
-1 208
+1 624
+1 208
471 435
cfi=(24)
cfn=(84)
calls=87 301 
* 4170
-1 435
263 1712
+6 4280
+4 10352
cfn=(162) check_match.12445
calls=1294 133 
* 43987
+1 6470
-3 6440
-2 5120
-27 1302
+1 434
+2 1498
+10 567
-7 1975
+2 404
+1 202
-1 202
+1 808
-1 606
+1 808
cfn=(162)
calls=202 133 
* 21021
+1 2092
fi=(39) /usr/src/debug/glibc-2.12-2-gc4ccff1/elf/../sysdeps/generic/dl-hash.h
30 218
+2 872
+3 218
-1 218
+1 654
+2 654
+1 872
+2 654
+1 872
+2 654
+1 872
+2 840
+1 11973
+3 15124
+1 7562
+13 3781
+1 11343
-18 210
fe=(4)
264 436

fn=(156)
724 654
485 218
724 1308
485 218
724 1090
485 1090
+1 436
-1 218
+1 654
-1 654
+1 9290
-1 4645
+1 13935
-1 14371
730 218
+9 218
-13 436
+1 436
+12 872
+6 1962
+8 20
-8 50
+2 3270
cfn=(158)
calls=218 83 
* 221883
+3 436
-5 218
+33 436
+23 624
+1 416
-1 832
+39 416
-3 416
+14 624
+3 624
1023 208
859 208
+1 208
+1 1744
-81 70
+17 20
+1 10
+54 2

fn=(162)
133 8976
+1 2992
+2 2992
+2 2394
-2 1596
+12 2394
+3 1596
+5 208
-1 208
+1 208
-1 208
+1 208
+2 212
+19 212
+1 530
+1 106
-1 212
+1 318
cfi=(15)
cfn=(46)
calls=106 -44 
* 9144
-1 212
+46 10472
-73 3110
cfi=(15)
cfn=(46)
calls=622 -16 
* 7638
* 1866
+64 1180
-9 204
+2 204
+1 204
-1 816
-72 2992
+79 1396

fl=(55)
fn=(282)
30 9
+2 9
+1 9
+1 9
+1 9
+1 9
+1 9
+1 9
+1 9
+1 9
+1 9
cfi=(56) /usr/src/debug/glibc-2.12-2-gc4ccff1/elf/../elf/dl-runtime.c
cfn=(284) _dl_fixup
calls=9 +32 
* 13210
+1 9
+1 9
+1 9
+1 9
+1 9
+1 9
+1 9
+1 9
+1 9
+2 9

fl=(26) /usr/src/debug/glibc-2.12-2-gc4ccff1/io/../sysdeps/unix/sysv/linux/wordsize-64/fxstat.c
fn=(96) _fxstat
37 5
-1 5
+1 5
+1 30
+4 5

fl=(14)
fn=(58)
56 39
+4 39
+3 39
+1 39
+2 16
+1 16
+2 16
+1 16
+5 16
+1 16
-1 23
+1 23
+2 15
+1 15
+2 15
+1 15
+5 15
+1 15
-1 24
+1 24
+2 14
+1 14
+2 14
+1 14
+5 14
+1 14
-1 25
+1 25
+2 15
+1 15
+2 15
+1 30
+5 15
+1 15
-1 24
+1 36
+5 12
+1 12
+1 12
+1 12
+2 12
+2 12
+1 12
+2 12
+6 39
+4 39
+12 1
+2 1
+1 1
+26 1
+1 1
+3 1
+1 1
+1 1
+5 1
+2 1
+1 1
+1 1
+1 1
+2 1
+1 1
+1 1
+1 1
+2 1
+1 1
+2 1
+2 1
+2 1
+1 1
+1 1
+1 1
+2 1
+1 1
+1 1
+1 1
+2 1
+1 1
+2 2
+5 1
+2 1

fn=(38)
56 22
+2 22
+2 22
+3 22
+1 22
+2 5
+1 5
+2 5
+1 5
+5 5
+1 5
-1 17
+1 17
+2 4
+1 4
+2 4
+1 8
+5 4
+1 4
-1 18
+1 18
+2 3
+1 3
+2 3
+1 3
+5 3
+1 3
-1 19
+1 19
+2 10
+1 10
+2 10
+1 10
+5 10
+1 10
-1 12
+1 24
+5 12
+1 12
+1 12
+1 12
+2 12
+2 12
+1 12
+2 12
+8 22
+8 4
+6 4
+2 4
+1 4
+3 1
+1 2
+5 1
+1 1
+2 1
+2 1
+1 1
+2 2
+9 1
+1 1
-1 3
+1 3
+3 4
+1 4
+1 4
+5 4
+2 4
+1 4
+1 4
+1 4
+2 4
+1 4
+1 4
+1 4
+2 4
+1 4
+2 4
+2 3
+2 3
+1 3
+1 3
+1 3
+2 3
+1 3
+1 3
+1 3
+2 3
+1 3
+2 6
+5 3
+6 3
+1 3
-7 1
+6 1
+1 1

fl=(10) /usr/src/debug/glibc-2.12-2-gc4ccff1/elf/dl-environ.c
fn=(22) _dl_next_ld_env_entry
31 3
+3 11
+2 86
+11 41
-13 124
+17 1
-15 20
+6 2
-3 2
+3 2
+2 2

fl=(42) /usr/src/debug/glibc-2.12-2-gc4ccff1/elf/dl-init.c
fn=(184) _dl_init
93 11
+5 1
-4 1
+1 1
+3 2
+7 2
+27 2
+1 14
+1 6
-1 6
+1 12
-97 18
+9 5
-3 10
+3 15
+5 12
+5 6
+8 6
+6 18
cob=(2)
cfi=(12)
cfn=(252) 0x0000003c0760a670
calls=1 -70 
* 29
cob=(2)
cfi=(12)
cfn=(232) 0x0000003c06603d90
calls=1 -70 
* 29
cob=(3)
cfi=(44)
cfn=(210)
calls=1 -18 
* 2135
+4 3
+1 6
+65 8
-89 2
-5 4
-9 3
+9 1
-3 2
+3 3
+5 3
+5 2
+8 2
+6 7
cob=(2)
cfi=(12)
cfn=(186) 0x0000000004801490
calls=1 -70 
* 40
* 1
+4 1
+1 2
+26 2

fl=(20) /usr/src/debug/glibc-2.12-2-gc4ccff1/elf/dl-debug.c
fn=(70) _dl_debug_state
77 2

fn=(66) _dl_debug_initialize
52 12
+5 6
-5 6
+5 12
+5 2
-1 1
+1 3
+1 2
+4 6
-10 12
+4 1
-1 1
+1 4

fl=(18) /usr/src/debug/glibc-2.12-2-gc4ccff1/elf/dl-load.c
fn=(88) open_verify
1581 192
+36 16
-36 32
+36 62
+21 80
cfi=(25)
cfn=(90)
calls=16 82 
* 152
+1 16
-1 16
+1 16
+11 12
-1 4
+1 16
cfi=(25)
cfn=(92)
calls=4 82 
* 20
* 8
+7 12
-7 4
+7 4
+16 50
+2 4
-2 56
+60 8
+5 8
+2 12
+6 8
+7 4
+1 4
+1 4
-2 16
+1 12
+16 16
+15 8
-15 168
+1 61
+4 15
+1 9
+14 21
+2 9
+5 2
+1 2
-13 69
+16 4
+6 2
-3 2
+1 2
+1 2
+1 4
+1 2
-1 4
-3 2
+1 2
+1 8
-2 2
+3 4
+14 144
-56 2
-92 12
cfi=(34) /usr/src/debug/glibc-2.12-2-gc4ccff1/string/../string/memcmp.c
cfn=(128) bcmp
calls=2 322 
* 178
* 8

fn=(62) fillin_rpath
387 16
+4 3
cfi=(13)
cfn=(64) strsep
calls=1 -66 
* 286
* 6
cfi=(13)
cfn=(64)
calls=2 -66 
* 244
* 9
+3 4
cfi=(8)
cfn=(14)
calls=2 29 
* 89
+4 2
-4 2
+4 2
+15 4
+29 21
+1 10
-38 8
+5 6
+51 6
+3 8
cfi=(13)
cfn=(32)
calls=2 95 
* 58
* 2
+3 2
-3 2
+3 2
+4 2
+2 6
-2 4
+2 2
cfi=(14)
cfn=(58)
calls=2 56 
* 58
* 2
+3 2
-2 4
+2 2
+1 1
+5 2
+1 1
-1 2
+1 2
-1 2
+1 1
-1 2
+1 26
+1 1
-1 3
+1 1
-1 20
-98 2
+98 3
+1 11
-1 6
+4 2
-1 4
+1 2
+7 4
+1 2
+3 6
+5 1
+3 9
-14 4
-9 3

fn=(86) expand_dynamic_string_token
317 8
+10 1
-10 1
+10 1
-10 1
+10 1
cfi=(19)
cfn=(60)
calls=1 26 
* 61
* 2
162 2
cfi=(8)
cfn=(14)
calls=1 29 
* 97
* 1
+1 2
cfi=(13)
cfn=(32)
calls=1 -68 
* 29
* 1
+2 2
+3 2
342 3
168 1
342 4
168 1
cfi=(14)
cfn=(38)
calls=1 56 
* 55

fn=(82) _dl_map_object
1984 8
+11 8
-11 16
+11 8
-11 8
+11 8
-11 56
+11 8
-11 16
+11 16
+12 58
-12 87
+5 165
+3 99
cfi=(24)
cfn=(84)
calls=33 301 
* 1956
* 66
2269 72
2027 4
-1 8
+10 4
-1 8
+26 8
-2 4
+2 4
cfi=(19)
cfn=(60)
calls=4 26 
* 121
* 8
2198 2
+1 4
cfn=(86)
calls=1 317 
* 276
+2 1
-3 1
+3 1
+4 9
cfn=(88)
calls=1 1581 
* 162
+3 1
-3 1
+3 1
+11 12
+3 8
+44 4
+1 28
-1 4
+1 12
cfn=(94) _dl_map_object_from_fd
calls=4 836 
* 5935
* 8
2026 8
+39 6
cfi=(8)
cfn=(14)
calls=3 29 
* 159
* 3
+2 3
-2 3
+2 3
+7 12
+35 9
+1 45
cfn=(114) open_path
calls=3 1835 
* 2391
+6 3
-6 3
+6 3
+76 6
-76 6
610 9
2123 12
+6 6
cfi=(31) /usr/src/debug/glibc-2.12-2-gc4ccff1/elf/dl-cache.c
cfn=(118) _dl_load_cache_lookup
calls=3 186 
* 5331
+2 3
-2 3
+2 3
+4 9
+9 6
+28 27
cfn=(88)
calls=3 1581 
* 886
+3 3
-3 3
+3 3
+1 6
-93 3
-5 6
+5 3
+3 6
-3 3
+3 6
-3 3
+3 30
-3 9
610 9
2084 9
+14 15
+2 9
-2 6
610 9
2008 29
-1 58
+4 15
+2 15
-2 30
+2 45
cfi=(15)
cfn=(46)
calls=15 135 
* 315
* 45

fn=(94)
836 48
+11 4
-11 4
+11 4
-11 4
+11 4
cfi=(20)
cfn=(66)
calls=4 52 
* 36
+4 12
-4 4
+4 4
cfi=(26)
cfn=(96)
calls=4 37 
* 40
* 8
+11 28
+1 12
-1 42
+1 56
+17 8
+25 8
+10 8
+22 20
+35 28
cfi=(11)
cfn=(24)
calls=4 62 
* 1847
+1 4
-1 4
+1 4
-54 4
+65 4
-65 4
+65 4
+1 4
+4 4
-4 4
+1 8
+2 16
+1 12
+1 8
+22 4
+8 4
-25 4
+17 4
+8 8
-8 16
+8 8
-8 4
+8 8
-8 4
+8 8
+99 8
-47 4
+47 12
-47 4
+47 12
-98 52
+6 12
+1 16
-8 240
+1 164
+70 3
+4 1
+1 2
+1 3
+4 2
+3 2
+7 2
-3 2
+6 1
cfi=(21) /usr/src/debug/glibc-2.12-2-gc4ccff1/elf/dl-tls.c
cfn=(130) _dl_next_tls_modid
calls=1 53 
* 6
* 3
+1 1
+58 6
+1 6
-5 8
+1 4
1038 40
+6 16
+1 8
-1 32
+7 24
+11 8
+1 8
-1 8
+1 8
-1 16
+1 8
+1 56
+2 24
+1 24
+1 24
+4 8
-4 8
+4 20
+5 36
+11 4
-11 36
+11 4
-56 6
+1 2
+67 4
+78 16
985 4
1191 8
985 4
1191 16
+2 4
-2 4
+2 4
+19 32
cfi=(27)
cfn=(98) mmap
calls=4 82 
* 24
+4 4
-4 4
+4 8
+7 12
+1 4
+2 4
-2 4
+2 4
+10 8
+35 24
+3 8
+7 32
+6 4
+2 4
-2 4
+1 4
+2 8
-1 16
+8 8
+3 8
+11 32
cfi=(28)
cfn=(102)
calls=4 44 
* 332
+1 24
+5 8
+15 8
-73 40
+4 8
-2 8
+2 40
cfi=(27)
cfn=(98)
calls=4 82 
* 24
-2 8
+11 8
+2 4
-2 4
+2 4
+2 6
-2 6
+2 4
+1 2
-1 4
+1 8
-3 4
+5 8
+57 4
-77 4
+77 8
+9 4
fi=(3) /usr/src/debug/glibc-2.12-2-gc4ccff1/elf/dynamic-link.h
113 4
fe=(18)
1345 4
fi=(3)
113 4
+6 4
-2 4
+2 8
+7 4
+5 4
+3 4
+1 4
-3 4
-5 8
-1 112
+1 57
+10 19
-18 57
+18 9
-18 27
+2 184
+8 64
+8 64
-18 192
+25 12
+20 4
+1 4
+1 4
+1 4
+2 4
+5 4
+1 3
+1 3
+35 12
+5 1
+2 1
-2 2
+2 1
+2 2
+2 2
+1 1
+2 12
+2 4
+2 4
+1 1
+2 8
fe=(18)
1351 12
+16 12
+19 8
+2 20
+51 12
+1 2
+3 2
cfi=(25)
cfn=(106)
calls=1 82 
* 5
* 6
cfi=(25)
cfn=(106)
calls=3 82 
* 15
* 8
+8 8
+3 8
+2 4
-2 4
+2 4
+16 8
cfi=(4)
cfn=(6)
calls=4 873 
* 86
+4 16
+18 8
+4 4
+5 4
-5 4
+1 8
+4 4
+6 12
cfi=(11)
cfn=(40)
calls=4 33 
* 184
+5 4
-1 8
+20 36
1232 28
cfi=(27)
cfn=(100)
calls=4 82 
* 20
* 4
1495 2
1321 8
cfi=(27)
cfn=(98)
calls=1 82 
* 6
+3 2
fi=(3)
128 36
+3 36
+1 24
+2 12
+1 12
fe=(18)

fn=(114)
1835 24
+1 3
-1 15
+7 3
-7 3
+1 3
+6 6
+5 12
+52 6
-52 3
+52 3
-52 21
+75 9
-63 18
+7 24
cfi=(14)
cfn=(58)
calls=6 56 
* 174
+1 6
-1 6
+1 42
+20 16
-20 118
+3 48
+4 72
cfi=(14)
cfn=(58)
calls=12 56 
* 226
* 48
cfi=(14)
cfn=(58)
calls=12 56 
* 276
* 12
-1 12
+7 24
+3 84
cfn=(88)
calls=12 1581 
* 564
* 12
+2 36
+26 16
+2 12
+39 6
-41 6
+41 30
+7 6
-2 6
+2 30
-67 16
+1 48
+79 8
-80 16
+7 16
+3 8
-3 8
+3 24
cfi=(30) /usr/src/debug/glibc-2.12-2-gc4ccff1/io/../sysdeps/unix/sysv/linux/wordsize-64/xstat.c
cfn=(116) _xstat
calls=8 37 
* 98
-1 16
+1 4
-1 4
+3 12
+7 24
+65 27
-14 9
+10 6
-66 6

fn=(54) _dl_init_paths
633 1
+15 2
-15 8
+15 3
cfi=(5) /usr/src/debug/glibc-2.12-2-gc4ccff1/elf/../elf/dl-sysdep.c
cfn=(56) _dl_important_hwcaps
calls=1 354 
* 328
+4 1
-4 1
+4 1
cfi=(13)
cfn=(32)
calls=1 95 
* 29
* 1
+2 1
-2 2
+2 1
+7 5
+4 4
cfi=(13)
cfn=(32)
calls=1 95 
* 29
* 1
* 1
+3 3
+29 1
-22 2
+22 3
-2 2
-21 1
+1 1
+22 3
-8 1
-4 1
-2 2
+11 1
-6 1
-3 1
+1 1
+3 1
+1 1
+4 1
-5 1
-4 1
-2 2
+11 1
-6 1
-3 1
+1 1
+3 1
+1 1
+4 27
+1 2
-1 6
+1 2
-1 24
+1 4
-1 12
+3 10
+7 1
+4 1
-5 1
+6 2
+4 3
+32 4
+8 3
cfi=(19)
cfn=(60)
calls=1 26 
* 43
* 2
+2 2
cfi=(8)
cfn=(14)
calls=1 29 
* 61
* 8
cfi=(14)
cfn=(38)
calls=1 56 
* 31
* 1
+17 6
+2 1
+1 2
+1 1
-4 3
+2 26
+1 52
+1 26
-4 79
+7 1
cfi=(13)
cfn=(32)
calls=1 95 
* 29
* 1
+2 1
-2 1
+2 1
+6 7
cfn=(62)
calls=1 387 
* 997
+4 3
+6 1
+4 8
-72 1
-2 1
+2 2
+11 2

fl=(15)
fn=(46)
135 1056
+1 1056
+1 1056
+1 412
+1 412
+1 412
+1 412
cfn=(47) strcmp'2
calls=412 -6 
* 14782
+5 644
+1 644
+1 644
+1 644

fn=(47)
135 2066
+1 2066
+1 2066
+1 1814
+1 1814
+1 1814
+1 1814
cfn=(47)
calls=1654 -6 
* 63800
+2 160
+1 160
+2 252
+1 252
+1 252
+1 252

fl=(21)
fn=(146) _dl_allocate_tls_storage
350 1
+13 1
-13 2
+2 1
+11 2
cfi=(13)
cfn=(36) __libc_memalign
calls=1 53 
* 50
* 1
+1 1
-1 1
+1 1
+7 1
+4 307
-58 1
+1 1
-1 1
+1 2
cfi=(13)
cfn=(28)
calls=1 111 
* 39
* 1
+1 2
+3 1
+6 2
+64 5

fn=(68) _dl_count_modids
112 2
+1 3

fn=(174) _dl_allocate_tls_init
444 7
+1 1
-1 1
+1 1
+4 1
+6 3
+12 4
+5 6
+6 8
+27 3
+8 3
+1 3
+1 6
cfi=(14)
cfn=(58)
calls=1 56 
* 23
* 4
cfi=(28)
cfn=(102)
calls=1 44 
* 27
* 3
-43 3
+6 4
+3 1
+1 2
+7 1
+2 1
-2 2
+2 2
+38 1
+3 9

fn=(144) _dl_determine_tlsoffset
134 1
+11 1
-11 3
+45 8
+5 2
+4 2
-4 3
+2 2
+2 3
+12 2
+4 5
+3 2
-1 2
+10 1
-37 2
+37 1
-37 3
+41 1
-1 1
+52 1
-51 1
+52 4
-52 3
+52 1

fn=(130)
53 3
+48 2
+4 1

fn=(172) _dl_add_to_slotinfo
864 6
+6 1
+3 2
+5 3
+42 1
-1 3
+1 2
+1 6

fl=(24)
fn=(84)
301 725
+1 290
cfi=(15)
cfn=(46)
calls=145 135 
* 1022
* 290
+3 145
+2 290
+4 145
-4 290
+1 462
cfi=(15)
cfn=(46)
calls=154 135 
* 2979
* 308
+6 9
-7 9
+7 163
-7 136
+7 408

fn=(120) _dl_sysdep_read_whole_file
44 2
+3 1
-3 4
+3 1
-3 1
+3 1
cfi=(25)
cfn=(90)
calls=1 +35 
* 5
+1 1
-1 1
+1 2
+2 4
cfi=(26)
cfn=(96)
calls=1 -13 
* 10
* 2
+2 1
+3 1
-3 1
+3 1
+13 2
cfi=(25)
cfn=(106)
calls=1 +14 
* 5
+3 7
-14 7
cfi=(27)
cfn=(98)
calls=1 +25 
* 6
* 2

fl=(5)
fn=(8) _dl_sysdep_start
89 8
+25 1
-1 1
+1 137
+3 1
-3 1
+6 2
-2 1
-1 1
+3 1
-6 1
+6 4
+1 1
-1 7
+1 105
+3 2
-4 49
fi=(16) /usr/src/debug/glibc-2.12-2-gc4ccff1/elf/../sysdeps/unix/sysv/linux/dl-sysdep.c
-84 2
cfi=(6)
cfn=(10)
calls=1 -7 
* 11
fi=(7)
226 5
fe=(5)
+3 2
cfi=(9) /usr/src/debug/glibc-2.12-2-gc4ccff1/elf/../misc/sbrk.c
cfn=(16) sbrk
calls=1 35 
* 17
* 3
+12 3
+3 5
cfi=(2)
cfn=(18) dl_main
calls=1 888 
* 331969
+2 9
-67 1
-59 4
+34 1
-34 4
+43 1
-43 4
+40 1
-40 4
+37 1
-37 5
+13 1
-13 4
+10 1
-10 4
+7 1
-7 4
227 1
cfi=(8)
cfn=(14)
calls=1 29 
* 35
* 2

fn=(176) _dl_sysdep_start_cleanup
252 1

fn=(56)
354 6
+3 1
-3 2
+3 1
-1 1
+1 1
+9 1
-12 4
+12 1
+10 3
+75 2
+8 2
+2 1
+1 1
-1 2
+1 3
+11 1
-7 2
+1 1
-1 1
+7 1
+4 6
+1 2
+18 11
+1 3
cfi=(13)
cfn=(32)
calls=1 95 
* 29
* 1
+1 1
-1 1
+1 1
+4 2
+22 3
+3 1
-3 3
+3 1
+28 2
-7 1
+7 4
+1 1
-1 1
+1 1
-1 1
+1 1
-1 1
+1 3
-1 3
+1 3
-1 3
+1 3
-1 5
+5 2
-5 3
+5 3
+3 1
-3 1
+3 1
-3 3
+3 1
-3 1
+3 7
+2 16
-2 4
+1 12
-1 2
+1 12
-1 10
+4 4
+3 1
+2 2
-1 1
-1 2
+2 3
+13 11
+1 1
+2 2
-3 3
+1 1
+2 2
+3 3
+3 9
418 1
+3 1
-3 1
+3 8
529 5
cfi=(14)
cfn=(58)
calls=1 56 
* 22
* 1
+1 1
-1 1
+1 2
cfi=(14)
cfn=(58)
calls=1 56 
* 22
* 3

fl=(2)
fn=(72) do_preload
802 6
+6 1
+1 1
+5 5
-10 1
+6 1
+2 1
+2 1
cfi=(22) /usr/src/debug/glibc-2.12-2-gc4ccff1/elf/dl-error.c
cfn=(74) _dl_catch_error
calls=1 160 
* 2232
+1 2
+2 3
+12 5

fn=(80) map_doit
628 2
+2 7
cfi=(18)
cfn=(82)
calls=1 1984 
* 2163
* 1
+2 2

fn=(2) _dl_start
365 9
+18 4
fi=(7)
76 2
fe=(2)
383 1
+29 2
-3 1
fi=(3)
119 1
fe=(2)
412 1
fi=(3)
119 2
+3 1
+4 1
+5 1
+3 1
+1 1
-3 1
-5 2
-5 14
+15 14
-18 42
+18 3
-18 9
+2 44
+5 32
+1 15
+10 5
-18 16
+25 2
fe=(2)
547 1
288 68
+12 2
cfi=(4)
cfn=(6)
calls=1 873 
* 24
+1 1
+1 1
+1 1
-2 1
+3 1
-2 1
+1 1
+1 1
+21 1
+10 1
-10 3
+10 1
-6 1
-4 1
+10 1
cfi=(5)
cfn=(8)
calls=1 89 
* 332428
* 1
+9 1
+7 1
-4 1
+4 1
572 9
fi=(3)
128 12
+3 12
+1 8
+2 4
+1 4
fe=(2)
540 2

fn=(18)
888 1
+19 1
-19 5
+22 1
-22 2
+32 1
-32 4
+27 1
-1 1
+6 1
+3 1
-16 1
+3 1
+4 1
+1 1
+8 1
cfn=(20) process_envvars
calls=1 2532 
* 522
+7 3
1109 5
+9 1
-9 2
cfi=(11)
cfn=(24)
calls=1 62 
* 250
+4 1
-4 1
+3 1
+6 2
-5 1
+1 2
+4 1
cfi=(11)
cfn=(40)
calls=1 33 
* 31
* 1
+30 1
-3 1
+3 1
-8 1
+1 1
+2 1
+5 5
+1 24
-1 24
+1 39
+91 2
+1 1
-88 3
+1 1
+49 2
+1 2
-1 8
+2 4
+1 2
+3 2
+1 2
-1 2
+1 2
+1 2
+1 6
+1 2
-43 1
-3 2
+3 1
+7 2
-10 1
+10 1
+68 2
-87 3
+1 1
+92 3
+3 2
+2 2
+2 3
+13 3
+1 6
cfi=(15)
cfn=(46)
calls=1 135 
* 7
-1 2
+12 2
-4 1
-2 1
+3 1
+3 1
+6 2
fi=(3)
104 1
+9 2
+6 1
-2 1
+2 2
+7 1
+5 1
+3 1
+1 1
-3 1
-5 2
-1 12
+1 9
+10 3
-18 9
+2 42
+8 18
+8 18
-18 54
+25 3
+67 3
+14 3
+7 2
fe=(2)
1294 2
cfi=(4)
cfn=(6)
calls=1 873 
* 14
+3 2
+20 4
+92 1
cfi=(16)
cfn=(50) _dl_discover_osversion
calls=1 67 
* 92
* 8
+5 2
cfi=(18)
cfn=(54)
calls=1 633 
* 1958
+3 3
cfi=(20)
cfn=(66)
calls=1 52 
* 23
+7 1
-7 1
+2 1
+5 1
+4 1
+3 1
-2 1
+3 1
-2 1
-2 2
+9 1
-9 1
+1 1
+8 1
+5 1
+4 1
-3 2
+3 1
+4 1
-5 1
+5 2
+1 2
+1 1
-1 2
+1 3
+2 2
+1 2
+5 2
+5 4
1642 1
cfi=(21)
cfn=(68)
calls=1 112 
* 5
* 1
+8 3
+3 2
+4 3
+5 2
+1 1
cfi=(20)
cfn=(70)
calls=1 77 
* 1
+1 1
+4 3
+19 4
+31 3
cfi=(25)
cfn=(108)
calls=1 82 
* 11
* 2
+77 5
+17 1
+1 2
-1 1
+1 2
-1 1
+1 3
cfi=(29) /usr/src/debug/glibc-2.12-2-gc4ccff1/elf/dl-deps.c
cfn=(110) _dl_map_object_deps
calls=1 149 
* 20059
+1 1
+2 5
+3 1
-3 2
+3 1
-3 1
+3 1
-3 1
+3 1
+1 5
-1 2
+1 20
-1 11
+4 3
+1 3
+1 1
+2 2
+1 27
-1 12
+1 2
+13 1
-1 2
+1 1
+2 4
+5 1
-5 1
+4 2
+12 1
+3 1
+1 1
-1 1
+1 3
+11 2
+2 3
-2 2
+1 4
+1 1
cfi=(22)
cfn=(132) _dl_receive_error
calls=1 198 
* 6246
+10 1
+1 1
-1 1
+1 1
+3 2
851 1
fi=(36) /usr/src/debug/glibc-2.12-2-gc4ccff1/elf/../sysdeps/unix/sysv/linux/dl-osinfo.h
70 2
+48 2
fe=(2)
853 1
+6 2
fi=(36)
127 2
+11 2
fe=(2)
864 1
+2 1
+6 1
1895 2
2121 3
+56 2
+4 4
+4 2
+48 2
+7 1
-7 1
+7 1
+3 25
+3 3
+6 2
+2 2
-2 10
+2 10
+7 6
-2 6
+2 12
+1 35
cfi=(37)
cfn=(150)
calls=5 158 
* 287316
+4 14
+1 2
cfi=(21)
cfn=(172)
calls=1 864 
* 24
+2 6
+2 12
+1 1
+2 7
+6 1
-6 1
+6 1
+9 4
+2 1
+5 2
cfi=(21)
cfn=(174)
calls=1 444 
* 130
+4 2
+11 4
+29 1
cfi=(5)
cfn=(176)
calls=1 252 
* 1
+4 3
+20 3
cfi=(20)
cfn=(66)
calls=1 52 
* 9
+1 1
-1 1
+2 1
cfi=(20)
cfn=(70)
calls=1 77 
* 1
+1 1
+4 1
cfi=(31)
cfn=(178) _dl_unload_cache
calls=1 316 
* 15
+5 8
-50 1
+2 1
+1 1
-3 1
+3 3
-3 1
+3 1
cfi=(37)
cfn=(150)
calls=1 158 
* 9991
+1 1
+2 10
1438 4
-11 4
1799 9
+4 3
+1 1
+1 3
2256 1
+1 1
-3 2
1694 79
cfi=(14)
cfn=(38)
calls=1 56 
* 70
* 1
+3 4
+3 3
cfi=(13)
cfn=(64)
calls=1 325 
* 1285
* 3
cfi=(13)
cfn=(64)
calls=1 325 
* 4
* 6
+1 4
+3 4
cfn=(72)
calls=1 802 
* 2259
* 2
+2 1
+2 12
1888 1
cfn=(142) init_tls
calls=1 782 
* 590
* 2

fn=(20)
2532 1
+8 2
-8 4
+23 1
-23 4
+8 1
-8 1
+8 2
-7 1
+6 2
fi=(93) /usr/src/debug/glibc-2.12-2-gc4ccff1/elf/../sysdeps/unix/sysv/linux/dl-librecon.h
32 1
fe=(2)
2539 1
-6 1
fi=(93)
32 2
fe=(2)
2542 2
cfi=(10)
cfn=(22)
calls=1 31 
* 170
* 4
cfi=(10)
cfn=(22)
calls=2 31 
* 124
* 9
+4 6
-4 2
+4 38
+1 19
-1 57
+9 12
2704 1
-4 1
+4 1
-4 1
+4 1
+30 2
+21 8
2629 17
-53 5
+7 12
+2 2
+1 1
+45 2
+1 1

fn=(76) _dl_initial_error_catch_tsd
796 18

fn=(142)
782 1
-56 1
-4 1
-2 1
+2 1
+4 1
+60 3
-54 1
+3 4
cfi=(13)
cfn=(28)
calls=1 111 
* 39
* 1
+14 1
-14 1
+7 1
+1 1
+6 3
+2 12
+4 1
+2 1
-2 2
-5 1
-1 2
+1 5
-1 10
+13 1
cfi=(21)
cfn=(144)
calls=1 134 
* 55
+7 1
cfi=(21)
cfn=(146)
calls=1 350 
* 424
+1 1
-1 1
+1 1
+6 1
+4 1
-4 1
+4 6
+3 1
+2 1

fn=(42)
836 6
+1 6

fn=(44)
842 6
+1 6

fn=(134) version_check_doit
660 2
+3 4
cfi=(35)
cfn=(136)
calls=1 387 
* 6206
-1 2
+4 2

fl=(9)
fn=(16)
35 3
+8 1
-8 1
+8 5
+4 2
+11 5

fl=(17) /usr/src/debug////////glibc-2.12-2-gc4ccff1/posix/../sysdeps/unix/syscall-template.S
fn=(52) uname
82 4
+1 1

fl=(16)
fn=(50)
67 4
+2 3
+85 5
-45 3
cfi=(17)
cfn=(52)
calls=1 -27 
* 5
* 3
+12 2
+10 12
+4 3
-2 9
+2 10
+3 4
-3 4
+7 3
-1 3
+2 3
+2 14
+5 2

fl=(22)
fn=(74)
160 56
+9 8
+2 8
cfi=(2)
cfn=(76)
calls=8 796 
* 16
* 8
+1 8
+2 16
-2 8
+2 8
cfi=(23)
cfn=(78)
calls=8 26 
* 152
+1 8
-1 8
+1 8
+2 16
+1 8
-1 8
+1 8
cfi=(29)
cfn=(112) openaux
calls=7 62 
* 16901
cfi=(2)
cfn=(80)
calls=1 628 
* 2175
+1 24
+1 8
+1 8
-1 8
+2 8
-1 8
+1 8
+10 32

fn=(132)
198 10
+1 1
cfi=(2)
cfn=(76)
calls=1 796 
* 2
+5 1
-1 1
-4 1
+9 1
+2 1
-3 1
+3 1
cfi=(2)
cfn=(134)
calls=1 660 
* 6216
+2 1
+1 1
+1 8

fl=(29)
fn=(112)
62 14
+7 7
-4 77
cfi=(18)
cfn=(82)
calls=7 1984 
* 16782
* 7
+5 14

fn=(110)
149 1
+1 1
-1 2
+1 1
-1 2
+1 1
-1 1
+1 2
-1 4
+1 1
-1 1
+1 2
+16 1
-16 1
+14 1
+1 1
+1 1
+6 3
+10 1
-10 1
+10 1
-36 5
+20 1
-2 1
+19 1
-17 1
+6 1
-6 1
-2 1
+2 1
-2 1
+1 1
+1 1
+6 3
+10 1
-10 1
+10 5
+19 1
-15 1
+18 1
338 3
186 2
338 1
201 2
+2 1
+1 1
338 4
208 1
+5 1
+4 2
-9 5
+5 5
+4 10
+2 2
+3 12
+10 4
-8 4
+7 4
-7 4
+8 4
+3 4
-5 4
+1 4
-7 4
+5 4
+6 28
+50 14
+1 12
-51 388
+1 194
+6 35
cfi=(19)
cfn=(60)
calls=7 26 
* 229
* 21
+5 35
-3 7
+3 7
cfi=(22)
cfn=(74)
calls=7 -87 
* 17300
+2 21
+15 7
+2 14
+5 4
+6 4
+2 4
-8 8
+5 4
-2 4
+1 4
+2 4
+4 24
-59 8
+13 2
466 12
+2 12
+2 12
cfi=(13)
cfn=(32)
calls=4 95 
* 116
* 4
+2 4
-2 4
+2 4
+4 16
-1 4
+2 4
-1 8
cfi=(14)
cfn=(38)
calls=4 56 
* 91
+1 16
cfi=(14)
cfn=(38)
calls=4 56 
* 91
+4 4
-1 4
+5 36
+2 6
+1 42
217 22
+1 5
-1 10
+2 28
488 3
+4 4
+1 2
+3 5
+11 4
cfi=(13)
cfn=(32)
calls=1 95 
* 29
* 1
+2 1
-2 1
+2 1
+5 2
+1 1
-1 1
+1 1
-1 1
+1 1
-1 1
+1 5
+8 5
+4 2
-10 3
+6 25
+4 10
-10 16
+13 2
+53 4
+43 1
-5 1
+6 2
-1 6
+1 3
cfi=(28)
cfn=(102)
calls=1 44 
* 19
* 1
+25 2
-25 1
+25 1
-25 1
+25 1
-21 2
+7 1
-6 2
+6 1
-7 8
+7 4
-6 8
+6 12
+2 16
+1 8
-1 24
+1 16
+3 39
-1 57
+23 10
-28 20
+31 19
+3 32
cfi=(28)
cfn=(102)
calls=4 44 
* 70
* 8
-45 8
+45 1
+7 2
+2 1
+1 1
-1 1
+9 2
+3 2
+3 8
288 360
619 8
cfi=(14)
cfn=(38)
calls=1 56 
* 47
+2 3

fl=(13)
fn=(32)
95 31
+1 62
cfn=(36)
calls=31 -43 
* 831
* 31

fn=(28)
111 12
-3 12
+3 24
-3 12
+3 24
+4 24
cfn=(32)
calls=12 -20 
* 404
* 12

fn=(64)
325 5
+1 10
+4 27
+5 6
-5 273
+5 368
+2 744
+8 93
-15 281
+18 2
+4 4
-13 2
+2 2
+7 1
+4 1

fn=(36)
53 128
+1 127
+11 93
+3 31
-3 31
+3 62
-3 3
+3 1
-3 1
+3 118
+4 12
+1 9
+6 21
cfi=(27)
cfn=(98)
calls=3 +3 
* 18
+2 6
+3 6
+1 6
-1 3
+1 6
+3 3
+1 3
+2 12
-3 29
+1 29
+2 116
-31 2
-1 5

fl=(34)
fn=(128)
322 2
+7 2
-7 10
+7 2
+34 4
+6 4
+1 4
-3 4
+2 56
+1 28
-3 14
-4 34
+13 14

fl=(1) ???
fn=(0) 0x0000003c05a00b00
0 2
cfi=(2)
cfn=(2)
calls=1 365 
0 332823
0 14
cfi=(42)
cfn=(184)
calls=1 93 
0 2433
0 3
cob=(7)
cfi=(54)
cfn=(274)
calls=1 0 
0 791682705

fl=(27)
fn=(100)
82 28
+1 7

fn=(98)
82 65
+1 13

fn=(180) munmap
82 4
+1 1

fl=(8)
fn=(14)
29 23
+1 23
+1 23
+1 23
+2 9
+1 9
+2 9
+1 9
-1 32
+1 32
+1 40
+1 40
+1 40
+2 44
+5 22
+1 22
+1 22
+1 22
+3 22
-6 6
+1 6
+1 6
+1 6
+3 6
+1 24
+1 24
+1 24
+2 24
+3 22
+1 22
+1 22
+1 22
+3 22
+1 21
+1 21
+1 21
+2 21
+3 15
+1 15
+1 15
+1 15
+3 15
+1 11
+1 11
+1 11
+2 11
+3 9
+1 9
+1 9
+1 9
+3 9
+1 7
+1 7
+1 7
+2 8
+3 1
+2 1
+1 1
-3 21
+2 21
+1 21
+1 15
+2 15
+1 15
+1 13
+2 13
+1 13
+1 10
+2 10
+1 10
+1 2
+2 2
+2 2
+1 2
+1 2
+2 2
+1 2
+1 2
+2 2
+1 2
+3 23
+1 23

fl=(30)
fn=(116)
37 8
-1 8
+1 8
+1 48
+4 2
-4 24

fl=(56)
fn=(284)
73 9
+6 18
-6 9
+6 9
-6 27
+6 9
+1 9
-4 9
+5 9
-2 9
-3 9
+4 9
+1 9
-1 36
+10 18
+4 27
+5 54
+1 27
+8 36
+7 18
+3 90
cfi=(4)
cfn=(156)
calls=9 724 
* 12490
* 9
+4 27
+4 36
+6 63
+8 9
+7 36
+4 27
fi=(7)
+85 9
fe=(56)
-81 54

fl=(31)
fn=(122) _dl_cache_libcmp
170 105
-29 70
+2 105
+20 105
+2 70
+4 35
+1 70
cfn=(123) _dl_cache_libcmp'2
calls=35 * 
* 2748

fn=(123)
170 495
-29 338
+2 495
+2 12
+6 8
+1 4
-1 4
+2 4
-1 8
+1 12
+1 4
-1 4
+2 5
+1 4
-1 16
+2 8
+6 483
+2 320
+4 130
+1 260
cfn=(123)
calls=130 * 
* 7409
+3 8
+1 4
-8 120
-3 2

fn=(118)
186 27
+8 6
+3 9
+45 6
+6 9
+16 9
+12 3
-20 3
+8 3
+12 3
-12 3
+12 6
-20 3
+20 9
-20 3
+20 601
cfn=(122)
calls=31 170 
* 2873
* 163
-76 4
cfi=(24)
cfn=(120)
calls=1 44 
* 68
+8 2
+1 1
-1 2
+1 3
-1 13
+8 1
-3 1
+3 3
+3 1
+1 2
-1 1
+1 1
+2 2
-2 22
+56 50
cfn=(122)
calls=1 170 
* 81
* 18
cfn=(122)
calls=3 170 
* 354
* 109
+16 12
+4 6
+8 6
cfi=(8)
cfn=(14)
calls=3 29 
* 187
* 3
+1 3
-1 12
+1 6
cfi=(32)
cfn=(124)
calls=3 32 
* 240
+1 6
cfi=(33)
cfn=(126)
calls=3 41 
* 348
+1 24

fn=(178)
316 1
+1 4
+2 2
cfi=(27)
cfn=(180)
calls=1 82 
* 5
+1 1
+2 2

ob=(6) /usr/lib64/libnetpbm.so.10.47
fl=(53) ???
fn=(260) 0x0000003c0760b4d0
0 6

fn=(254) 0x0000003c0760b430
0 6

fn=(266) 0x0000003c07621bf0
0 11

ob=(4) /usr/sup/valgrind-3.10.1/lib/valgrind/vgpreload_core-amd64-linux.so
fl=(43) ???
fn=(194) 0x00000000000005f0
0 16

fn=(188) 0x00000000000004e0
0 6

fn=(204) 0x0000000000000760
0 12

ob=(2)
fl=(12)
fn=(296)
0 2
cob=(7)
cfi=(54)
cfn=(298)
calls=1 0 
0 6
0 1
cob=(7)
cfi=(54)
cfn=(304)
calls=1 0 
0 15
0 1
cob=(7)
cfi=(54)
cfn=(314)
calls=1 0 
0 12
0 2

fn=(186)
0 2
cob=(4)
cfi=(43)
cfn=(188)
calls=1 0 
0 6
0 1
cob=(4)
cfi=(43)
cfn=(194)
calls=1 0 
0 16
0 1
cob=(4)
cfi=(43)
cfn=(204)
calls=1 0 
0 12
0 2

fn=(232)
0 2
cob=(5)
cfi=(52)
cfn=(234)
calls=1 0 
0 6
0 1
cob=(5)
cfi=(52)
cfn=(240)
calls=1 0 
0 6
0 1
cob=(5)
cfi=(52)
cfn=(246)
calls=1 0 
0 11
0 2

fn=(252)
0 2
cob=(6)
cfi=(53)
cfn=(254)
calls=1 0 
0 6
0 1
cob=(6)
cfi=(53)
cfn=(260)
calls=1 0 
0 6
0 1
cob=(6)
cfi=(53)
cfn=(266)
calls=1 0 
0 11
0 2

totals: 792017980
